200
0 164 262 145 193 98 238 153 237 125 265 224 214 63 264 196 118 278 238 149 73 129 264 93 220 163 156 165 158 240 174 288 235 161 211 109 167 125 218 133 129 185 164 149 223 183 162 141 276 130 282 128 264 132 183 164 235 207 169 82 62 165 174 159 113 199 239 221 173 131 154 201 102 149 185 190 202 168 122 193 157 166 188 281 251 219 142 164 237 170 168 244 198 125 217 187 108 199 196 172 211 256 107 263 135 164 179 86 162 114 206 178 135 192 248 200 218 124 149 201 133 257 148 229 191 272 226 235 197 277 125 161 205 188 135 163 115 202 162 174 119 213 150 214 227 209 60 250 140 246 162 201 159 122 134 100 161 311 131 154 195 82 292 229 191 179 142 246 252 135 138 232 264 134 140 149 157 113 133 252 162 166 229 232 154 99 178 164 209 201 285 149 70 130 157 125 198 216 266 235 
164 0 285 163 180 197 258 241 313 182 322 298 241 162 289 281 186 316 246 241 181 214 286 187 269 210 174 242 268 344 204 346 300 174 226 132 214 138 252 156 178 279 224 227 271 220 238 234 287 233 328 208 269 121 200 203 306 287 206 117 170 263 259 178 160 280 318 237 281 201 238 271 206 204 231 178 299 216 115 265 167 206 278 348 285 322 218 271 283 206 163 267 247 175 233 179 211 203 256 261 266 335 217 325 190 267 279 196 218 179 284 180 132 219 304 255 224 207 141 236 171 316 252 263 253 321 244 289 233 326 197 269 314 211 171 249 223 225 246 267 227 300 183 275 230 237 161 305 157 311 141 226 254 131 139 169 251 370 204 200 230 183 299 293 290 247 214 264 335 203 246 306 267 235 120 156 164 191 228 294 189 190 307 306 225 118 277 235 288 305 308 139 180 156 143 210 306 283 283 280 
262 285 0 232 276 279 223 262 292 219 256 285 144 240 192 264 185 226 173 256 251 308 190 237 222 157 137 233 340 377 272 279 247 119 138 257 267 177 226 296 156 304 179 210 197 198 235 316 207 267 249 238 204 184 119 263 256 265 223 253 268 287 260 167 173 256 291 151 335 190 247 227 310 294 181 316 319 284 194 286 158 332 279 295 192 350 202 323 200 138 241 196 179 244 156 214 273 145 209 256 213 311 283 255 211 303 306 283 164 302 293 152 271 144 241 213 201 218 281 235 167 247 285 217 226 241 235 222 144 247 310 341 365 206 199 248 298 129 260 277 299 288 321 210 169 235 241 235 144 246 261 129 316 223 225 204 265 300 312 147 141 237 229 234 307 206 204 174 313 290 296 263 215 270 248 205 233 258 268 219 199 163 293 270 256 223 299 241 255 347 212 192 271 293 229 270 361 272 195 196 
145 163 232 0 167 169 205 194 259 130 265 245 187 132 236 230 132 260 201 195 151 190 234 147 211 153 122 189 241 306 153 289 244 125 177 131 163 87 195 171 121 235 167 174 214 162 186 204 240 194 271 161 227 98 149 151 250 234 148 128 153 220 210 125 104 227 264 187 248 147 188 215 192 174 174 197 255 172 90 214 120 206 229 292 230 281 165 237 226 150 135 214 190 131 183 150 176 161 200 212 209 282 188 268 136 228 237 172 161 177 234 139 151 164 246 198 180 158 160 179 114 259 213 207 197 264 191 232 177 269 187 239 282 156 114 200 195 173 197 220 198 249 195 218 189 181 132 248 105 255 150 173 218 98 104 120 204 313 190 143 174 147 255 236 246 192 161 213 283 173 213 252 226 195 134 110 120 153 187 237 132 135 254 251 176 97 234 183 235 268 256 114 160 167 129 171 273 229 233 223 
193 180 276 167 0 222 250 255 320 191 322 306 232 185 279 291 194 310 233 256 206 240 277 206 268 209 164 251 295 365 213 345 302 163 215 164 224 133 249 191 179 295 226 235 268 217 248 257 275 253 325 222 256 107 189 212 310 295 207 153 200 281 271 171 165 288 325 226 305 208 250 275 237 226 230 206 315 230 103 276 156 239 291 351 278 341 226 294 279 201 153 259 245 189 223 165 233 190 258 273 266 343 243 325 197 287 297 223 218 213 295 167 162 211 303 256 212 220 172 236 171 315 272 259 257 318 237 288 227 323 228 293 338 206 174 261 249 215 258 281 252 311 219 276 217 234 186 304 149 312 152 217 275 141 142 181 265 369 233 198 224 204 286 295 306 252 222 253 344 225 270 312 254 254 138 149 162 210 246 290 186 184 316 311 237 139 295 244 296 326 297 126 209 192 130 229 329 290 272 276 
98 197 279 169 222 0 257 165 249 141 278 236 230 76 280 209 130 292 257 163 94 158 281 106 234 177 175 177 183 258 197 300 248 180 228 143 186 147 235 174 143 199 176 162 237 200 174 158 295 147 295 140 284 159 201 185 247 219 187 123 100 180 186 178 129 212 251 239 194 144 167 213 145 174 199 226 216 189 149 205 178 204 201 293 266 236 154 184 251 185 195 262 211 145 235 213 124 219 209 186 224 269 131 275 150 181 195 115 175 157 218 200 173 209 260 213 239 137 185 218 150 270 166 245 203 285 245 247 212 290 164 182 227 206 153 176 137 219 175 188 140 226 191 226 247 228 74 263 160 258 194 218 172 148 160 113 174 324 168 168 210 97 312 241 207 191 155 263 265 158 159 244 285 150 173 173 182 127 147 266 181 184 241 244 166 127 194 176 221 219 302 175 103 170 186 137 218 228 284 249 
238 258 223 205 250 257 0 253 295 199 276 284 179 218 227 268 177 257 197 250 233 284 225 221 227 166 115 231 323 369 246 299 262 120 169 231 243 150 212 269 149 295 188 212 219 184 231 293 234 258 274 224 224 160 140 238 271 270 201 226 245 280 257 140 155 261 297 178 321 187 240 239 286 269 188 289 312 260 168 272 135 305 277 311 225 343 203 310 227 151 215 205 198 219 175 194 255 160 220 257 225 316 267 278 193 293 298 262 177 276 285 148 244 158 259 218 188 211 254 215 149 269 277 213 227 267 208 242 174 273 285 322 354 181 176 246 278 164 252 273 280 291 294 231 187 211 220 257 117 268 235 164 297 196 198 187 259 322 287 155 170 221 251 252 302 216 201 204 319 266 284 276 227 260 222 178 206 236 255 240 174 140 294 279 240 196 293 232 265 336 247 170 250 266 204 250 347 268 224 224 
153 241 262 194 255 165 253 0 187 144 224 178 204 124 254 144 89 254 247 101 107 211 264 98 199 141 172 116 186 217 222 246 190 175 212 191 203 163 223 228 118 143 126 98 193 187 116 209 282 106 252 113 277 185 189 207 185 154 188 178 148 128 121 179 122 147 187 225 173 94 103 152 198 216 167 273 161 215 178 180 183 256 137 232 232 190 92 162 206 160 223 249 169 172 225 232 134 215 158 121 179 204 127 216 143 141 146 159 128 212 165 204 223 192 210 173 243 74 233 213 142 214 125 228 158 235 247 197 179 242 219 203 203 207 159 110 158 198 115 126 157 161 246 169 241 227 123 210 161 197 234 197 190 181 191 108 110 267 222 136 179 87 303 182 152 132 102 249 199 202 134 180 282 108 216 193 207 156 114 231 184 178 178 181 154 167 142 135 156 185 278 199 141 223 217 156 202 183 270 204 
237 313 292 259 320 249 295 187 0 211 224 203 223 208 273 155 139 265 277 159 194 292 293 184 225 165 214 142 269 278 289 244 186 214 238 268 271 222 266 308 159 218 136 101 202 231 157 291 309 172 259 190 307 245 222 275 180 157 245 258 234 190 157 227 178 149 187 255 249 130 166 148 283 292 193 347 219 287 241 247 231 335 171 228 247 248 101 240 212 188 287 283 180 244 258 287 220 249 165 146 191 205 208 212 203 211 210 245 139 294 227 246 298 225 213 196 288 139 308 263 192 211 186 265 183 236 295 200 196 245 301 289 272 256 219 141 245 222 187 174 244 178 327 165 273 277 207 210 208 193 303 222 274 250 257 179 172 264 303 161 197 174 333 178 202 128 137 278 206 280 205 177 318 182 286 252 271 235 200 249 238 223 187 177 225 239 197 192 158 260 299 257 228 302 281 237 282 221 298 210 
125 182 219 130 191 141 199 144 211 0 226 196 170 101 219 180 84 233 199 145 114 173 221 103 176 119 118 140 204 258 159 249 200 123 169 139 140 100 175 180 84 186 125 125 180 139 137 178 236 147 239 112 227 121 141 144 205 185 128 133 130 172 160 122 68 178 216 179 205 99 138 170 173 165 141 216 206 156 114 164 124 209 179 248 206 233 116 194 194 125 159 202 155 114 176 169 136 162 158 162 170 233 149 227 91 181 189 145 122 173 184 146 167 149 208 158 185 108 177 158 90 219 166 185 153 230 189 194 152 235 179 204 238 149 97 150 160 159 147 170 161 199 201 178 190 170 102 210 103 212 172 157 178 119 128 71 154 273 181 110 150 104 254 194 196 146 112 204 233 156 169 205 229 147 155 128 143 119 140 207 124 125 205 204 126 108 186 133 187 222 241 135 133 174 153 132 230 182 225 192 
265 322 256 265 322 278 276 224 224 226 0 234 168 237 217 178 160 200 230 200 231 317 254 217 208 143 194 179 310 317 299 169 147 185 189 284 284 219 255 326 157 259 121 143 145 223 191 318 259 213 196 219 262 239 187 286 149 183 247 279 266 231 198 215 185 170 204 215 291 153 203 133 312 311 174 356 260 302 241 271 215 355 210 188 188 287 140 282 141 159 287 255 135 260 224 274 255 210 147 180 165 228 249 149 216 252 251 278 111 319 259 219 310 196 161 184 265 176 319 261 190 139 226 247 189 159 283 135 143 171 324 325 313 247 224 182 281 173 223 215 280 207 347 101 228 271 237 132 194 137 307 179 305 257 263 200 213 193 326 140 147 211 287 124 240 120 163 238 223 301 246 159 281 224 292 250 273 260 238 208 234 208 228 180 248 252 237 216 157 301 244 249 262 320 279 265 323 240 255 139 
224 298 285 245 306 236 284 178 203 196 234 0 220 195 270 174 124 267 271 160 185 278 286 172 218 159 204 135 264 282 275 256 200 204 233 253 256 208 255 293 147 215 137 117 205 219 144 278 303 174 263 176 301 231 214 260 200 177 231 244 223 193 162 215 164 170 208 249 248 116 157 165 270 277 186 332 223 272 227 232 219 321 182 245 247 254 108 238 217 181 272 275 181 229 250 274 210 242 169 161 191 225 204 228 189 211 212 234 140 281 214 236 283 217 220 189 276 130 293 250 179 224 190 255 174 245 283 207 194 252 287 279 274 243 205 151 235 217 176 180 234 195 313 180 266 264 195 220 196 210 288 217 262 235 243 164 171 278 289 155 195 165 327 194 210 143 122 272 226 266 206 198 310 181 271 238 256 221 191 247 224 211 198 197 210 224 203 177 178 258 296 243 217 287 266 224 278 207 292 215 
214 241 144 187 232 230 179 204 223 170 168 220 0 191 84 190 127 126 96 193 199 261 139 184 158 92 94 168 286 315 227 189 165 72 55 213 220 133 178 252 101 244 107 141 111 149 173 268 125 206 159 184 128 140 69 217 171 192 176 209 220 225 194 123 124 181 216 90 277 129 186 148 262 248 119 272 255 238 151 231 114 287 212 210 92 286 135 266 104 80 197 152 100 197 107 168 221 80 136 187 140 238 228 161 160 243 245 234 90 257 234 101 227 97 159 147 155 158 237 188 119 155 223 167 161 143 191 136 55 153 264 290 306 161 153 181 246 44 201 212 247 217 277 120 94 190 192 145 100 153 217 61 265 179 181 153 203 207 266 84 56 183 154 146 241 129 142 115 238 243 237 181 153 211 204 161 189 209 212 144 154 118 225 193 204 178 235 184 176 288 110 148 222 249 185 220 305 211 127 100 
63 162 240 132 185 76 218 124 208 101 237 195 191 0 240 167 89 252 219 121 54 123 242 64 193 136 137 135 144 217 159 259 206 142 189 108 147 110 196 139 103 157 136 120 196 160 133 122 256 106 255 99 246 122 162 147 206 178 148 89 64 139 145 140 89 170 210 200 154 102 125 172 110 138 159 191 175 151 113 164 140 169 160 252 226 195 113 143 210 146 158 223 171 108 196 176 83 181 168 144 184 227 91 234 110 140 154 77 134 122 177 162 138 170 220 173 201 95 150 179 111 229 125 206 163 244 207 206 172 249 130 142 187 168 114 134 97 180 133 146 101 185 157 185 209 189 35 222 121 217 158 178 130 112 124 73 132 283 133 128 170 56 273 200 165 150 113 224 223 122 119 203 247 109 138 136 145 88 105 226 142 145 200 203 126 91 152 135 180 178 263 139 66 135 149 96 178 187 245 208 
264 289 192 236 279 280 227 254 273 219 217 270 84 240 0 240 177 174 138 243 249 310 187 233 208 142 141 218 336 365 276 238 214 119 97 261 269 181 227 300 151 294 157 191 161 198 223 317 167 256 207 234 170 186 115 266 220 242 225 257 269 275 244 171 173 231 265 136 327 179 236 197 312 297 169 320 305 287 198 281 161 336 262 259 141 336 185 316 152 129 245 200 149 246 154 215 270 124 186 236 190 287 278 209 210 293 295 284 140 306 284 147 275 146 208 197 201 208 285 237 168 204 273 216 211 191 239 185 105 201 313 340 356 210 202 231 296 90 251 262 297 267 325 168 136 238 241 194 148 201 265 109 315 227 229 202 253 255 315 134 106 233 196 195 291 179 192 161 287 292 287 230 196 261 252 209 237 258 262 194 202 167 275 243 254 227 285 233 226 338 151 194 271 297 232 269 355 261 172 148 
196 281 264 230 291 209 268 144 155 180 178 174 190 167 240 0 110 228 247 100 144 254 264 141 197 137 188 111 210 199 259 195 137 186 207 234 240 194 239 271 132 165 105 69 166 204 125 253 278 100 222 154 278 217 194 244 110 91 217 222 190 122 105 200 150 75 119 227 182 102 126 95 240 258 166 314 149 255 213 214 204 300 98 166 213 168 72 177 171 160 258 256 147 212 231 260 175 221 133 61 160 143 147 148 174 143 141 201 107 256 193 219 265 197 175 168 261 100 275 236 165 158 108 238 156 189 268 159 163 202 263 242 196 229 190 81 197 191 148 106 195 87 290 108 244 250 166 164 181 123 273 193 233 219 228 146 120 209 265 133 165 126 304 120 121 85 108 250 111 245 131 100 291 121 255 224 242 199 154 218 210 196 154 120 192 207 122 161 70 195 266 230 180 266 252 200 221 193 269 170 
118 186 185 132 194 130 177 89 139 84 160 124 127 89 177 110 0 180 170 84 87 170 187 72 123 65 97 69 172 205 162 182 131 99 134 142 144 96 148 183 41 131 58 54 121 112 67 171 204 95 180 72 200 119 112 148 134 114 119 134 119 115 93 106 52 106 144 148 162 27 75 98 165 166 90 220 147 160 115 123 110 211 113 177 157 178 45 151 135 83 160 172 96 118 148 163 110 138 91 94 107 162 114 158 76 130 134 130 58 172 120 129 171 115 143 98 169 46 181 140 69 152 113 151 86 167 174 129 103 173 178 180 193 134 92 82 136 121 87 107 136 130 203 109 164 154 90 145 87 142 176 119 158 122 130 53 93 206 180 59 102 69 226 124 137 75 40 171 162 156 123 133 206 97 159 126 144 113 98 156 113 103 134 132 101 112 128 69 115 174 201 132 116 177 154 117 190 110 192 133 
278 316 226 260 310 292 257 254 265 233 200 267 126 252 174 228 180 0 188 239 255 326 223 240 213 146 173 214 340 360 297 220 199 157 147 284 287 209 247 326 161 293 150 184 149 217 221 331 217 253 192 240 220 221 155 286 203 231 245 281 282 271 238 199 188 219 253 179 327 178 235 184 326 316 175 349 300 305 229 288 195 357 254 242 147 330 178 316 134 145 275 231 142 264 193 252 278 172 178 227 184 276 281 191 223 290 291 295 133 325 285 189 304 173 195 198 239 207 313 256 186 186 268 236 211 173 268 170 111 183 332 348 353 235 222 224 304 134 252 256 304 256 349 150 186 262 253 176 177 183 296 145 324 252 256 213 250 237 333 140 117 237 246 177 284 167 191 203 275 309 285 214 244 259 282 238 264 272 265 196 226 193 268 230 263 250 280 237 211 337 200 230 282 321 265 280 356 262 217 130 
238 246 173 201 233 257 197 247 277 199 230 271 96 219 138 247 170 188 0 241 233 284 168 220 207 142 108 218 323 363 244 251 225 79 59 225 244 145 208 258 141 290 162 195 172 180 221 294 101 253 220 222 86 135 82 238 232 248 201 218 245 273 245 139 155 239 273 102 319 176 232 207 285 268 166 273 304 260 153 270 120 300 264 271 154 335 187 308 166 123 201 177 158 219 119 159 255 50 192 241 195 294 266 223 193 288 292 262 146 272 278 88 228 129 219 198 152 203 239 215 148 217 271 202 211 205 207 197 115 215 282 323 350 181 177 233 279 83 246 262 280 272 285 182 52 212 220 207 114 215 216 101 298 190 190 186 250 269 285 132 114 220 114 208 292 188 190 133 295 265 281 241 124 255 204 169 198 237 253 199 174 140 277 251 239 191 285 226 236 332 148 142 250 257 182 251 345 257 139 162 
149 241 256 195 256 163 250 101 159 145 200 160 193 121 243 100 84 239 241 0 96 209 257 95 189 131 169 95 165 174 223 221 162 171 204 191 204 164 220 226 113 117 108 69 176 184 102 208 274 66 234 114 271 186 184 208 150 117 188 176 142 84 84 178 121 108 150 219 142 83 92 122 193 216 158 274 115 216 179 180 182 255 91 201 219 146 67 134 187 152 224 243 153 173 219 233 127 210 139 75 163 168 103 185 143 104 104 154 111 209 161 201 223 186 189 161 241 65 234 211 141 187 82 223 145 212 245 176 166 221 217 194 166 205 160 69 148 189 111 77 147 117 244 140 236 226 120 187 159 164 235 188 188 182 192 109 75 240 220 126 167 77 297 152 104 104 90 242 157 202 98 143 278 76 217 193 208 157 107 219 184 176 150 149 155 168 96 132 116 153 268 200 132 222 218 156 176 174 263 186 
73 181 251 151 206 94 233 107 194 114 231 185 199 54 249 144 87 255 233 96 0 141 253 53 197 140 152 123 101 177 179 253 197 157 201 126 165 128 207 151 109 131 131 105 196 171 122 142 269 68 255 96 261 142 175 166 191 159 162 100 59 106 124 156 101 151 192 212 111 97 111 159 112 158 163 209 143 170 133 166 157 185 134 239 231 157 99 101 210 153 178 235 171 126 210 195 64 196 163 118 182 210 47 223 121 103 119 73 132 132 168 179 154 181 216 173 218 81 167 192 123 221 85 216 160 241 222 203 177 247 144 112 143 183 130 112 64 190 120 119 62 161 167 176 224 204 50 217 137 204 178 188 132 132 144 81 109 275 149 132 176 28 287 189 131 139 106 237 201 142 75 185 263 74 157 155 165 105 84 230 158 159 185 188 131 111 118 132 160 139 272 159 46 149 170 107 135 184 258 208 
129 214 308 190 240 158 284 211 292 173 317 278 261 123 310 254 170 326 284 209 141 0 310 152 269 212 202 220 229 306 219 339 288 207 256 159 213 170 265 191 177 245 215 205 273 230 216 196 322 195 331 182 310 178 228 210 290 263 215 141 137 228 231 205 160 256 295 266 242 184 211 255 176 194 234 242 264 214 168 245 203 220 247 334 299 284 197 232 287 217 214 290 248 171 263 233 172 244 248 231 262 312 178 315 184 229 243 157 213 177 261 223 189 238 298 250 263 181 201 247 180 309 214 276 242 322 271 285 245 327 183 229 275 233 181 221 184 249 219 234 188 272 209 266 272 255 122 301 185 299 210 247 218 167 180 151 220 363 185 203 243 145 337 282 254 232 196 291 309 180 207 287 309 198 190 195 203 163 193 300 208 212 284 287 205 145 241 216 266 267 332 195 144 187 204 179 266 268 312 284 
264 286 190 234 277 281 225 264 293 221 254 286 139 242 187 264 187 223 168 257 253 310 0 239 223 158 139 234 342 379 274 277 246 118 132 259 269 179 228 298 158 306 179 211 195 200 237 318 202 269 247 240 199 185 117 265 255 265 225 255 270 289 261 169 175 256 291 146 336 192 248 227 312 296 182 317 320 287 196 288 159 334 280 294 189 351 203 325 197 139 243 198 178 246 154 215 275 141 209 257 213 311 285 253 213 305 308 285 164 304 295 150 272 146 240 214 201 220 282 237 169 245 287 219 227 238 237 220 141 245 312 344 367 208 202 249 300 123 262 278 301 289 323 208 164 237 243 233 145 244 262 124 318 225 227 206 266 298 314 148 139 239 224 232 308 206 205 169 313 292 298 263 211 272 249 207 235 260 270 218 201 165 294 270 258 225 300 243 255 349 206 193 273 294 230 272 363 273 190 194 
93 187 237 147 206 106 221 98 184 103 217 172 184 64 233 141 72 240 220 95 53 152 239 0 181 124 140 112 141 197 174 240 185 144 187 135 157 121 194 169 94 131 117 96 181 158 110 151 256 85 240 80 248 140 162 160 182 152 151 119 89 114 119 144 88 145 185 199 140 83 100 149 138 161 148 218 150 166 131 150 147 198 133 229 216 173 89 129 195 138 176 221 156 123 197 190 76 184 149 118 167 202 85 212 107 119 130 100 117 153 155 169 166 167 201 158 208 70 178 179 110 208 104 202 145 226 211 188 162 233 160 146 174 172 120 108 102 175 109 120 102 158 187 164 212 192 63 203 126 194 182 174 130 131 142 68 106 262 163 117 161 39 275 178 141 127 93 223 197 146 104 178 251 86 163 149 161 102 79 215 147 146 175 178 117 114 128 117 154 158 257 155 83 165 169 101 165 169 244 193 
220 269 222 211 268 234 227 199 225 176 208 218 158 193 208 197 123 213 207 189 197 269 223 181 0 97 146 165 283 312 246 232 190 143 169 232 232 165 202 274 104 240 115 143 158 169 169 272 239 202 216 181 237 186 151 233 199 198 193 227 224 221 192 163 132 190 225 185 272 124 182 166 268 260 122 302 252 250 187 229 165 303 211 239 189 283 135 261 172 117 233 213 133 209 187 224 219 178 147 189 152 245 224 211 165 239 241 236 105 269 230 176 256 154 189 145 219 153 266 207 136 201 219 196 158 208 231 174 135 213 275 289 301 194 170 180 245 154 197 210 245 221 296 162 202 217 194 191 143 198 253 153 265 203 209 154 199 255 277 91 134 179 263 181 240 143 138 208 247 252 233 203 247 206 238 196 219 213 208 187 180 156 225 206 204 199 233 180 192 284 233 197 223 268 225 221 301 207 228 170 
163 210 157 153 209 177 166 141 165 119 143 159 92 136 142 137 65 146 142 131 140 212 158 124 97 0 85 107 225 253 188 166 126 80 104 174 174 106 142 216 47 182 53 83 92 110 111 215 174 144 150 124 173 126 87 175 135 138 135 170 167 163 133 102 75 129 164 120 215 66 124 103 211 203 61 244 194 193 128 172 104 246 152 175 122 225 75 204 105 53 174 150 67 151 124 163 162 115 84 129 89 184 167 146 108 181 183 179 41 212 172 114 198 91 124 86 157 95 207 148 77 136 161 135 100 142 171 109 68 147 218 232 244 134 112 121 188 88 139 151 188 161 238 97 138 158 137 125 82 134 194 88 208 145 150 97 141 190 220 27 67 122 198 117 181 81 80 143 186 195 175 141 184 149 179 137 160 156 151 120 121 96 166 144 147 141 174 122 130 226 167 137 166 210 166 164 243 149 163 103 
156 174 137 122 164 175 115 172 214 118 194 204 94 137 141 188 97 173 108 169 152 202 139 140 146 85 0 150 242 289 164 217 181 31 81 147 162 66 131 185 69 215 107 131 137 103 151 212 146 178 191 144 135 74 53 156 190 189 119 143 164 199 176 57 74 181 216 91 241 106 160 158 204 187 106 204 232 178 83 192 48 222 197 229 140 262 123 229 144 69 130 121 115 137 87 107 174 71 138 176 143 236 186 196 112 213 218 180 95 193 205 58 160 74 177 137 99 130 170 135 68 186 197 132 146 184 125 159 90 190 202 241 273 99 95 166 197 78 171 192 199 210 210 149 98 130 138 175 33 186 150 79 216 112 114 106 178 240 204 73 87 140 162 170 221 135 121 117 238 184 204 195 137 179 137 94 122 155 174 157 92 60 213 198 159 113 212 151 184 255 160 83 168 182 118 169 266 187 137 141 
165 242 233 189 251 177 231 116 142 140 179 135 168 135 218 111 69 214 218 95 123 220 234 112 165 107 150 0 201 217 219 200 144 151 180 196 200 153 201 236 94 151 84 55 151 166 85 219 251 109 210 117 248 177 162 204 141 115 176 186 162 128 97 161 109 108 146 196 184 62 94 107 211 220 134 275 158 215 172 175 166 263 117 187 194 188 47 174 163 129 217 222 128 173 198 220 149 189 115 96 138 164 140 171 133 147 147 173 86 222 155 183 226 164 166 137 223 68 237 196 125 168 125 202 121 190 229 153 141 198 228 218 209 190 150 85 174 165 115 115 173 131 255 123 213 210 135 165 143 152 232 164 202 179 187 107 106 222 230 102 142 103 274 136 144 86 68 219 163 208 141 138 257 116 215 184 201 163 129 194 170 158 135 137 153 168 138 121 117 194 243 189 156 230 211 165 215 153 239 161 
158 268 340 241 295 183 323 186 269 204 310 264 286 144 336 210 172 340 323 165 101 229 342 141 283 225 242 201 0 223 269 331 274 247 290 212 255 219 297 230 197 203 213 181 279 261 202 232 358 119 338 182 351 232 265 256 263 230 253 180 138 166 196 246 190 221 263 302 150 180 189 234 192 247 250 294 205 260 222 253 248 269 200 314 317 206 176 148 293 241 268 324 255 217 299 285 154 287 245 183 265 281 79 298 210 157 177 158 214 213 251 269 237 270 296 258 309 160 252 281 213 298 132 305 243 321 313 283 263 329 228 202 176 273 220 182 152 278 201 184 152 227 246 252 314 294 139 296 227 277 265 277 222 221 233 170 182 352 235 219 262 111 377 265 187 215 188 326 268 232 110 255 353 137 244 245 255 195 165 316 248 249 260 261 220 200 174 217 228 195 360 248 120 231 259 197 183 268 347 291 
240 344 377 306 365 258 369 217 278 258 317 282 315 217 365 199 205 360 363 174 177 306 379 197 312 253 289 217 223 0 333 337 278 292 326 291 315 278 340 318 234 226 230 189 297 304 225 305 396 118 355 227 393 298 305 318 257 227 304 268 225 168 204 296 238 216 260 341 189 205 213 236 279 319 280 374 204 324 289 296 300 351 196 312 341 183 188 191 307 274 335 365 274 281 341 347 220 331 260 174 285 280 158 295 259 168 179 240 233 299 281 320 320 308 309 284 360 186 333 329 259 302 108 344 268 330 363 295 289 340 311 279 193 323 275 184 231 311 230 184 229 217 334 253 357 343 214 304 278 270 340 311 287 290 301 222 197 354 315 248 289 169 418 264 170 221 212 364 258 303 130 247 399 159 321 306 319 260 209 341 300 295 270 261 269 272 162 252 217 219 390 313 210 316 328 260 238 296 385 306 
174 204 272 153 213 197 246 222 289 159 299 275 227 159 276 259 162 297 244 223 179 219 274 174 246 188 164 219 269 333 0 322 276 168 219 167 191 131 233 209 154 262 200 204 249 199 216 232 283 221 307 189 270 145 191 179 282 264 183 163 182 248 239 166 136 257 294 229 275 177 217 246 221 204 209 238 282 199 137 243 163 240 258 324 268 309 195 264 262 187 182 254 225 158 225 197 203 205 232 241 242 312 215 301 166 255 265 201 194 210 263 184 191 204 280 231 224 187 201 215 149 292 241 244 229 299 233 266 215 304 218 267 309 196 148 229 223 213 225 248 225 278 231 252 233 219 160 282 147 287 193 212 245 140 149 148 232 346 221 178 212 174 298 269 273 223 191 254 312 202 240 283 270 222 177 156 167 180 214 273 171 175 284 282 204 133 262 212 265 295 296 161 188 203 175 198 300 259 275 259 
288 346 279 289 345 300 299 246 244 249 169 256 189 259 238 195 182 220 251 221 253 339 277 240 232 166 217 200 331 337 322 0 165 208 210 307 307 243 279 349 180 280 144 163 168 246 212 341 281 233 217 241 283 262 209 309 163 202 270 302 289 251 219 238 208 188 222 237 311 175 225 151 335 334 197 380 279 325 265 293 238 378 229 202 209 306 161 302 161 182 310 278 158 283 247 298 277 232 170 198 188 247 270 159 239 272 271 300 134 341 281 242 333 219 184 208 288 198 343 284 213 150 245 270 211 174 306 158 165 190 347 347 332 270 247 202 303 195 244 234 302 226 370 112 249 294 260 150 217 148 330 201 328 281 286 223 234 204 349 163 169 233 309 137 259 140 185 260 241 324 266 174 303 244 316 273 296 283 259 231 257 231 249 198 271 275 257 239 173 322 264 272 285 343 302 287 344 262 277 159 
235 300 247 244 302 248 262 190 186 200 147 200 165 206 214 137 131 199 225 162 197 288 246 185 190 126 181 144 274 278 276 165 0 174 184 259 259 200 238 301 135 222 96 105 139 204 157 289 255 174 193 188 257 222 178 262 115 142 226 253 235 192 160 198 162 129 163 208 252 122 168 92 282 284 157 334 221 277 222 241 201 329 170 155 185 247 104 244 141 147 267 243 124 235 215 260 222 203 122 139 146 188 212 134 191 214 212 246 91 291 226 208 287 184 149 163 253 142 296 241 170 131 186 231 162 159 267 129 138 172 296 292 273 230 202 143 247 168 189 175 247 167 321 85 223 252 207 133 179 118 287 172 274 235 242 172 176 184 298 123 141 177 282 100 200 82 131 231 183 274 207 123 274 186 271 231 253 231 203 198 215 192 191 139 219 228 198 186 118 263 241 232 230 295 261 235 286 210 249 139 
161 174 119 125 163 180 120 175 214 123 185 204 72 142 119 186 99 157 79 171 157 207 118 144 143 80 31 151 247 292 168 208 174 0 54 150 167 69 134 187 70 218 103 131 126 106 152 217 117 181 179 148 106 69 28 161 184 187 124 145 168 202 178 62 79 179 214 65 245 108 162 153 209 191 103 204 234 183 82 196 45 225 198 223 123 265 122 233 131 62 130 109 107 142 62 98 179 42 134 176 138 234 191 186 117 216 221 185 90 197 207 36 159 64 169 135 84 133 170 139 72 177 200 131 145 171 130 150 75 178 206 246 277 104 100 167 202 55 174 194 204 210 212 139 70 135 143 165 37 176 148 59 221 115 116 110 180 230 209 70 72 145 133 162 223 131 122 92 236 188 208 190 109 183 135 95 124 160 178 147 97 64 213 195 164 116 215 154 181 259 136 77 173 184 115 174 271 189 111 127 
211 226 138 177 215 228 169 212 238 169 189 233 55 189 97 207 134 147 59 204 201 256 132 187 169 104 81 180 290 326 219 210 184 54 0 202 216 121 176 239 106 254 123 156 131 148 184 265 89 217 179 189 91 119 52 211 191 209 172 197 217 236 207 112 123 199 233 70 285 139 196 167 258 242 129 255 267 233 134 236 97 277 226 230 113 298 148 273 125 86 181 145 117 192 90 145 223 45 152 202 155 254 233 182 161 252 255 233 106 248 243 74 210 95 178 159 133 167 221 185 117 176 234 168 173 164 180 156 74 174 257 292 315 153 148 195 248 42 210 225 249 233 265 140 57 183 191 166 88 174 199 62 266 167 168 154 214 228 259 94 73 187 117 167 254 147 152 99 255 238 246 200 118 220 187 147 176 207 218 159 147 111 239 211 207 168 247 191 195 297 108 126 221 236 166 220 312 221 104 121 
109 132 257 131 164 143 231 191 268 139 284 253 213 108 261 234 142 284 225 191 126 159 259 135 232 174 147 196 212 291 167 307 259 150 202 0 172 111 219 118 140 228 184 182 236 186 193 180 265 180 293 160 249 105 174 163 264 241 170 72 114 212 212 150 122 234 272 212 227 157 190 228 151 154 195 159 247 173 96 219 143 152 229 307 255 269 173 217 249 174 143 239 211 131 208 162 157 183 217 213 228 290 161 285 149 214 227 140 179 125 238 160 107 190 265 216 202 160 118 202 136 277 199 231 212 286 216 251 202 291 141 214 259 181 135 201 168 198 198 217 172 252 140 236 210 206 107 268 130 271 129 198 202 101 112 123 201 331 148 164 199 130 278 253 238 205 170 238 288 152 191 263 247 183 108 131 138 141 177 260 157 161 261 262 179 78 225 190 243 252 281 123 124 112 128 159 251 240 258 246 
167 214 267 163 224 186 243 203 271 140 284 256 220 147 269 240 144 287 244 204 165 213 269 157 232 174 162 200 255 315 191 307 259 167 216 172 0 136 224 214 140 244 184 185 236 189 197 222 281 203 294 170 271 155 188 176 264 245 174 167 174 229 219 165 122 238 276 225 259 159 198 229 215 201 196 248 264 190 147 224 165 243 239 307 259 291 176 248 249 177 192 249 211 149 222 205 188 205 216 222 227 293 201 285 149 237 246 190 179 210 243 187 200 197 265 216 226 168 210 206 139 277 223 235 212 286 231 251 205 291 217 253 293 193 139 209 209 208 206 229 211 259 236 236 233 214 149 267 146 271 204 206 229 151 160 129 213 331 219 165 202 157 298 253 255 206 172 251 293 195 223 265 271 204 187 164 177 166 196 261 167 171 265 264 185 141 243 193 246 277 290 170 178 208 186 182 284 241 271 247 
125 138 177 87 133 147 150 163 222 100 219 208 133 110 181 194 96 209 145 164 128 170 179 121 165 106 66 153 219 278 131 243 200 69 121 111 136 0 146 149 77 205 124 137 165 115 151 183 184 166 222 131 170 53 93 127 208 197 107 107 133 191 176 70 66 189 226 131 223 110 156 174 172 155 127 170 225 149 52 182 63 186 196 249 177 253 128 212 176 99 97 159 142 108 127 99 152 104 156 178 164 244 165 222 101 200 208 152 116 158 200 83 125 111 201 154 123 126 135 134 69 213 186 156 156 216 136 185 125 220 168 217 257 104 76 166 173 118 165 188 175 214 174 173 132 131 111 202 49 210 118 118 194 76 78 90 173 266 171 96 122 121 198 192 216 150 124 157 246 153 188 211 169 167 104 61 86 130 159 187 84 82 218 211 146 77 205 148 196 241 201 66 139 146 90 146 248 191 177 173 
218 252 226 195 249 235 212 223 266 175 255 255 178 196 227 239 148 247 208 220 207 265 228 194 202 142 131 201 297 340 233 279 238 134 176 219 224 146 0 261 120 266 162 183 201 154 201 272 244 229 258 196 237 166 150 222 246 241 180 216 225 250 227 143 129 233 269 187 293 157 210 213 266 252 163 285 283 242 168 244 147 293 248 287 217 313 174 282 213 136 214 210 178 201 185 204 229 174 194 227 200 288 240 258 167 264 269 239 153 261 255 163 240 156 237 191 204 181 249 192 123 248 248 193 198 251 211 221 164 256 269 298 325 174 157 217 254 166 222 243 255 262 284 209 201 198 197 237 124 246 234 165 272 188 192 160 229 302 270 131 161 194 263 229 272 190 171 211 290 247 256 250 241 231 220 177 201 214 227 223 161 138 264 252 213 185 263 202 238 307 249 177 227 256 206 226 319 238 232 210 
133 156 296 171 191 174 269 228 308 180 326 293 252 139 300 271 183 326 258 226 151 191 298 169 274 216 185 236 230 318 209 349 301 187 239 118 214 149 261 0 182 262 226 221 278 227 232 213 299 208 335 199 281 131 211 205 304 280 212 57 131 243 249 189 164 273 312 249 250 198 228 269 167 194 237 160 280 214 127 259 179 176 265 348 295 298 213 241 290 215 175 278 253 172 245 189 187 215 258 249 270 329 181 327 191 243 258 164 221 133 277 192 94 229 307 258 236 198 118 244 178 319 226 272 253 328 255 293 243 333 165 239 280 221 177 238 193 237 236 251 197 289 114 278 242 246 137 310 169 312 145 237 235 140 149 164 237 373 176 206 240 160 311 294 270 246 210 276 326 190 213 303 279 213 120 168 175 179 210 302 198 200 301 302 219 120 256 231 282 280 319 150 140 110 153 196 275 281 295 288 
129 178 156 121 179 143 149 118 159 84 157 147 101 103 151 132 41 161 141 113 109 177 158 94 104 47 69 94 197 234 154 180 135 70 106 140 140 77 120 182 0 161 59 75 108 84 94 181 175 124 166 95 171 100 83 141 143 134 102 135 133 144 120 80 40 126 162 119 190 50 104 108 177 168 69 212 176 158 99 142 84 211 140 184 135 207 66 179 122 56 144 143 83 117 119 140 131 109 91 120 100 181 140 159 74 159 163 146 52 177 149 101 165 86 138 89 141 75 175 118 47 150 142 122 91 158 148 124 81 163 183 201 221 109 79 109 157 93 117 136 158 154 204 110 135 131 104 140 61 146 163 92 176 113 118 64 122 204 185 38 79 94 196 128 165 85 64 143 183 160 152 146 177 126 148 108 129 122 124 135 92 76 157 146 115 107 157 97 132 203 175 111 133 176 138 131 217 131 163 119 
185 279 304 235 295 199 295 143 218 186 259 215 244 157 294 165 131 293 290 117 131 245 306 131 240 182 215 151 203 226 262 280 222 218 254 228 244 205 266 262 161 0 164 129 231 230 154 244 324 115 290 154 319 226 232 248 213 180 231 212 177 138 146 222 164 172 213 267 185 134 141 183 228 253 208 311 172 255 219 222 226 292 155 263 272 200 125 175 244 202 264 291 207 212 267 274 163 258 195 140 217 231 142 247 185 151 155 189 166 245 207 246 259 235 246 213 286 113 271 255 185 247 134 270 197 271 289 233 219 279 253 229 213 249 201 133 184 239 156 141 182 182 280 201 284 269 155 245 203 227 273 238 223 221 231 149 131 300 256 177 219 113 345 213 163 164 141 291 222 239 145 207 325 118 255 234 248 194 142 272 227 221 209 210 196 205 152 178 181 196 319 241 167 258 258 193 216 223 312 242 
164 224 179 167 226 176 188 126 136 125 121 137 107 136 157 105 58 150 162 108 131 215 179 117 115 53 107 84 213 230 200 144 96 103 123 184 184 124 162 226 59 164 0 54 88 128 92 217 194 123 146 118 193 146 110 186 104 106 149 178 165 141 108 123 86 96 131 142 197 52 106 71 211 210 83 258 170 201 146 169 126 254 125 145 131 200 48 187 100 76 191 173 65 160 146 185 155 137 53 100 75 152 153 121 115 160 161 176 23 217 159 137 211 114 104 87 180 79 221 165 93 114 138 157 87 129 192 91 80 136 223 225 223 154 125 94 181 107 124 126 181 130 246 72 159 176 136 106 104 107 210 108 204 159 165 99 120 168 225 50 81 112 219 89 155 48 63 165 153 200 155 108 206 130 195 155 176 158 139 134 139 117 138 111 146 152 150 115 97 208 183 157 162 220 184 163 228 138 184 98 
149 227 210 174 235 162 212 98 101 125 143 117 141 120 191 69 54 184 195 69 105 205 211 96 143 83 131 55 181 189 204 163 105 131 156 182 185 137 183 221 75 129 54 0 121 147 71 204 227 83 178 103 225 160 140 189 98 72 160 172 146 101 68 143 93 65 103 173 160 45 78 66 195 205 111 261 130 201 156 161 148 249 83 146 166 159 15 151 131 106 202 201 99 158 176 203 132 167 84 58 109 120 119 130 118 122 121 157 57 207 140 163 212 143 133 113 204 51 222 179 108 130 97 182 99 155 211 119 114 164 213 201 183 172 134 52 157 140 99 85 155 91 240 84 191 193 120 129 124 111 217 140 187 164 172 92 83 183 216 79 115 85 251 96 113 47 52 196 121 193 115 94 236 93 200 167 186 148 112 168 153 139 99 95 139 153 108 106 74 170 217 173 140 215 196 150 193 136 216 129 
223 271 197 214 268 237 219 193 202 180 145 205 111 196 161 166 121 149 172 176 196 273 195 181 158 92 137 151 279 297 249 168 139 126 131 236 236 165 201 278 108 231 88 121 0 169 159 276 202 190 145 181 204 183 128 237 147 168 196 231 226 208 175 159 136 157 191 156 264 118 173 123 271 264 122 304 238 254 187 230 158 307 191 186 133 267 115 254 100 102 233 196 81 213 165 217 219 151 115 164 122 214 220 146 169 228 228 238 71 273 225 160 259 137 133 139 207 145 268 209 138 136 205 191 150 136 227 111 85 141 279 289 290 192 173 161 245 115 191 193 245 193 299 99 169 217 197 124 138 136 254 120 267 206 211 157 187 190 281 87 88 177 229 123 221 105 129 179 213 256 222 156 222 197 239 196 220 217 205 149 181 152 205 168 206 202 217 178 151 275 187 192 225 272 224 224 295 202 196 98 
183 220 198 162 217 200 184 187 231 139 223 219 149 160 198 204 112 217 180 184 171 230 200 158 169 110 103 166 261 304 199 246 204 106 148 186 189 115 154 227 84 230 128 147 169 0 165 237 216 193 227 160 209 136 122 188 213 206 146 182 189 214 191 114 93 198 234 159 257 122 174 179 231 218 131 253 246 207 137 208 118 259 212 253 188 277 139 246 181 106 182 182 146 166 157 175 193 146 160 192 167 253 204 225 131 228 233 204 119 227 219 135 207 128 204 157 176 145 217 158 88 216 212 164 163 220 182 189 134 225 234 262 289 144 123 181 218 138 186 207 219 226 250 177 173 166 161 205 95 213 203 136 236 155 159 124 193 270 236 99 131 158 235 196 236 156 136 183 255 212 220 216 213 195 188 145 169 178 190 192 129 110 229 217 177 152 227 166 203 271 220 146 192 222 175 190 283 203 204 179 
162 238 235 186 248 174 231 116 157 137 191 144 173 133 223 125 67 221 221 102 122 216 237 110 169 111 151 85 202 225 216 212 157 152 184 193 197 151 201 232 94 154 92 71 159 165 0 216 254 115 218 114 251 174 164 201 155 130 174 183 160 134 108 160 107 123 162 198 187 63 96 121 208 217 137 272 165 212 169 172 165 260 128 201 200 196 62 177 172 132 214 223 135 170 199 218 147 190 124 109 145 179 142 184 131 152 154 171 94 219 152 183 223 166 176 141 223 68 233 195 124 181 132 203 125 201 228 163 147 208 225 217 215 189 147 98 173 169 114 124 172 145 251 136 216 209 133 176 142 167 229 168 200 176 184 104 112 234 227 106 147 103 276 150 154 100 69 222 178 205 146 153 259 120 212 181 198 160 129 200 168 157 151 152 150 165 146 118 132 198 248 187 155 226 209 162 217 153 242 171 
141 234 316 204 257 158 293 209 291 178 318 278 268 122 317 253 171 331 294 208 142 196 318 151 272 215 212 219 232 305 232 341 289 217 265 180 222 183 272 213 181 244 217 204 276 237 216 0 331 194 335 182 321 195 237 221 289 262 223 163 146 226 230 215 166 255 294 275 242 185 210 255 189 210 238 263 262 224 185 246 214 242 246 335 304 283 196 232 290 223 230 299 251 181 272 248 171 255 249 230 264 312 179 316 188 228 241 162 215 197 260 236 210 246 300 253 275 180 222 255 187 310 213 283 244 324 281 287 250 330 204 230 275 243 189 219 185 256 218 232 189 270 231 267 283 264 122 303 196 300 230 255 216 184 196 153 218 364 207 207 248 144 348 282 252 232 196 300 308 194 207 287 321 197 210 209 218 165 192 305 217 220 284 286 206 163 240 217 265 266 339 211 150 208 221 178 266 269 321 288 
276 287 207 240 275 295 234 282 309 236 259 303 125 256 167 278 204 217 101 274 269 322 202 256 239 174 146 251 358 396 283 281 255 117 89 265 281 184 244 299 175 324 194 227 202 216 254 331 0 287 250 257 133 177 118 276 262 280 238 259 283 306 277 177 191 270 304 137 354 209 266 238 324 307 199 314 337 298 194 305 159 340 296 301 184 368 219 342 195 156 242 212 188 257 156 202 291 95 223 273 226 326 302 252 229 322 325 299 178 312 312 131 270 163 249 230 193 237 281 252 184 247 304 236 244 234 245 227 145 244 321 359 385 219 214 265 315 113 280 295 317 304 326 211 99 249 257 236 152 244 258 132 334 230 230 222 284 298 324 165 144 256 161 237 325 218 223 167 326 303 315 272 169 289 246 209 238 274 287 230 212 177 310 282 275 231 318 260 266 366 177 184 287 298 224 287 380 291 172 191 
130 233 267 194 253 147 258 106 172 147 213 174 206 106 256 100 95 253 253 66 68 195 269 85 202 144 178 109 119 118 221 233 174 181 217 180 203 166 229 208 124 115 123 83 190 193 115 194 287 0 248 115 282 186 195 207 157 125 193 158 117 60 97 185 127 115 158 230 88 96 103 133 169 207 170 263 97 213 178 184 189 241 93 210 233 95 81 85 201 164 223 254 167 170 230 235 109 221 153 74 177 177 55 194 147 56 70 131 125 190 170 209 210 198 203 175 248 75 222 218 148 199 26 234 159 225 252 189 180 235 200 169 106 212 163 79 122 202 119 79 120 118 225 151 247 232 103 199 166 171 229 201 175 178 189 110 87 251 205 139 181 58 308 162 74 117 103 254 159 192 39 148 288 47 209 195 207 149 97 233 189 184 164 158 157 161 61 141 119 109 281 201 102 206 216 148 131 186 275 199 
