200
0 170 177 161 91 121 183 150 92 160 122 140 181 127 126 134 132 166 121 132 123 183 149 129 172 171 137 69 190 173 193 156 129 104 190 213 120 103 168 151 133 156 127 153 225 250 218 172 149 215 202 105 88 155 160 147 211 176 70 155 159 183 161 156 144 262 121 131 201 130 161 128 233 154 128 216 104 137 157 124 188 174 266 195 156 148 226 158 132 145 148 191 203 175 150 74 135 193 170 122 217 87 171 112 150 206 169 110 109 178 145 177 138 155 89 161 167 125 184 163 191 145 113 181 152 110 123 161 122 174 194 131 85 125 138 96 100 142 200 83 150 230 159 195 158 141 89 96 240 107 156 103 174 182 131 147 203 151 166 162 163 141 129 205 121 174 223 126 104 97 92 190 172 136 106 193 168 96 141 159 172 166 147 152 155 191 151 180 117 184 172 213 198 217 165 161 65 125 217 152 
170 0 219 270 136 216 263 187 200 267 234 196 118 236 223 235 215 267 222 214 233 154 131 195 220 278 235 162 291 261 99 222 137 178 107 260 231 204 260 215 80 259 231 110 136 147 184 152 240 108 296 143 189 58 241 154 254 251 182 239 159 232 170 200 161 153 214 179 268 149 212 178 148 267 204 132 172 204 211 231 297 211 282 211 227 224 332 268 136 242 75 176 262 277 261 117 179 232 116 175 269 188 283 166 110 291 274 212 202 142 253 265 146 268 176 126 153 230 296 67 195 232 88 83 262 161 214 109 165 234 153 238 172 73 250 145 202 180 111 188 261 124 211 218 270 187 126 116 184 92 186 176 275 141 240 193 162 217 96 243 271 166 240 101 228 84 171 193 167 204 135 224 93 233 208 249 131 188 249 237 187 161 255 212 71 303 117 235 154 244 135 142 181 169 277 97 148 134 236 210 
177 219 0 261 202 186 190 255 164 221 215 204 259 190 186 185 250 223 233 148 223 187 222 157 287 231 214 166 303 209 229 178 227 223 218 183 204 220 284 225 175 269 246 225 289 282 310 268 266 257 318 191 161 214 279 253 177 197 166 200 265 153 268 217 224 301 240 170 320 237 211 219 299 244 247 255 221 171 132 193 285 290 379 309 274 163 330 228 141 264 213 248 322 224 223 152 251 156 250 235 336 145 258 226 236 325 229 223 187 265 252 296 241 241 199 245 161 194 274 223 193 264 196 215 228 92 236 237 237 293 275 239 181 198 232 202 218 215 248 155 242 282 266 310 261 257 109 148 322 160 271 112 290 192 231 131 289 270 239 173 225 243 235 252 234 210 299 246 111 212 132 155 196 254 159 170 211 159 210 171 283 229 214 271 218 283 243 180 231 173 202 238 198 297 251 238 118 117 327 131 
161 270 261 0 159 199 229 229 119 162 128 242 267 120 193 164 106 213 84 186 81 285 247 217 221 177 220 171 170 234 295 242 209 143 293 282 132 136 138 254 235 150 210 249 318 352 291 242 120 315 187 205 160 251 148 206 289 252 112 234 211 253 216 259 243 363 168 230 226 192 262 229 326 124 142 318 157 227 221 154 96 197 288 219 207 218 139 157 232 185 244 294 205 195 122 177 166 272 256 188 224 135 109 173 233 196 196 86 201 260 147 185 205 103 189 248 266 169 131 258 290 147 204 284 163 193 221 251 168 176 283 106 188 218 125 179 152 245 300 138 76 329 244 215 203 175 186 199 322 210 187 172 192 285 50 233 286 154 255 210 164 220 158 305 156 276 314 130 187 147 192 276 275 183 137 262 271 176 159 222 208 268 159 163 251 157 223 265 162 260 275 316 298 305 171 247 151 222 268 216 
91 136 202 159 0 154 216 90 120 187 139 154 122 153 159 165 93 198 106 165 127 183 117 156 101 198 170 96 176 206 167 183 65 57 169 242 143 95 140 167 113 147 139 112 176 222 148 100 119 183 177 92 121 111 119 70 238 207 93 186 82 212 84 164 122 228 103 149 147 54 177 120 184 168 82 191 53 163 187 153 186 103 192 121 108 180 218 183 140 131 105 174 144 205 171 72 65 218 111 55 154 119 182 45 88 170 199 97 141 115 148 145 63 168 99 104 173 156 194 117 200 111 63 155 177 136 133 108 50 116 140 128 107 78 152 52 98 140 169 115 156 192 120 122 178 72 106 96 177 92 83 134 164 178 130 171 141 97 111 195 190 78 142 172 126 149 172 73 132 103 107 212 154 125 137 222 153 128 169 191 96 148 174 93 111 202 81 205 43 213 162 196 202 161 186 103 96 137 140 183 
121 216 186 199 154 0 184 212 108 174 153 176 237 142 129 142 187 173 169 133 161 211 200 140 235 184 152 115 239 174 234 165 189 165 228 217 144 157 220 191 174 205 188 205 277 290 278 233 202 258 255 158 97 205 217 210 218 179 102 158 222 187 224 194 195 305 180 156 262 193 191 182 285 184 187 258 166 150 159 138 224 236 329 258 218 150 267 176 157 203 199 236 264 183 170 122 197 200 226 185 278 94 200 175 208 262 180 159 133 236 188 234 200 184 149 218 190 137 215 213 215 202 169 222 172 118 185 215 185 234 250 175 133 178 170 157 156 187 245 95 182 277 221 258 197 203 111 134 297 150 219 105 227 212 169 157 261 211 220 163 177 202 171 250 170 215 278 186 111 149 120 200 209 193 114 196 209 100 156 160 235 212 162 213 206 222 211 189 180 189 208 249 223 273 191 216 74 145 280 155 
183 263 190 229 216 184 0 274 133 175 190 230 294 144 175 145 238 197 213 113 195 237 255 177 296 187 214 177 286 190 275 198 250 225 266 189 174 212 269 248 219 254 249 260 329 330 338 294 251 303 305 217 154 255 270 272 207 201 149 203 284 161 286 246 253 348 238 201 321 255 240 241 338 211 244 301 227 191 125 162 249 297 390 320 279 158 299 188 188 260 252 286 321 178 178 178 258 191 283 247 337 120 218 237 267 315 193 205 194 295 234 289 262 202 211 276 211 170 238 264 242 256 227 263 195 128 247 272 247 292 307 218 194 233 203 219 214 243 292 138 205 325 283 319 248 264 147 183 355 199 280 107 280 241 199 172 320 267 275 121 180 263 220 296 223 257 334 243 132 205 165 205 245 251 121 174 253 160 174 153 296 264 176 271 258 250 272 210 242 190 248 286 247 330 221 273 126 167 342 121 
150 187 255 229 90 212 274 0 182 250 205 207 178 216 218 226 168 258 177 222 196 234 167 211 177 261 228 153 247 263 218 238 121 131 220 296 207 164 213 220 163 217 201 163 230 273 209 162 193 234 250 143 180 164 194 139 291 263 156 243 151 266 154 217 172 279 171 202 222 122 230 173 237 234 157 242 126 218 242 215 256 178 265 194 180 236 289 247 191 200 157 224 220 267 236 124 141 271 167 128 230 179 249 120 145 244 260 168 198 172 216 219 128 235 156 158 224 217 261 170 252 185 115 205 240 190 191 162 125 192 194 197 163 130 218 106 165 192 220 175 225 244 175 196 242 147 158 147 235 142 157 190 233 228 200 225 198 172 166 253 253 131 208 223 192 199 225 149 187 169 160 265 204 193 198 277 203 185 231 248 168 198 237 169 163 269 142 260 118 268 212 246 252 216 250 158 152 189 211 238 
92 200 164 119 120 108 133 182 0 88 76 161 215 56 98 69 126 114 100 88 83 196 181 123 195 99 133 94 173 135 219 148 162 120 213 184 61 104 156 174 159 141 151 186 258 276 251 204 138 243 193 138 70 187 159 176 190 155 41 140 187 154 189 178 176 290 133 142 214 160 177 161 266 101 135 243 125 134 122 55 142 191 286 216 177 120 188 88 142 153 181 220 211 107 83 104 153 174 204 149 228 36 115 138 184 204 101 92 116 212 121 179 169 98 123 195 174 72 131 195 200 145 147 207 85 96 157 194 145 182 228 105 112 158 91 128 109 170 229 44 98 261 192 214 141 160 96 119 274 134 177 73 169 198 89 137 237 158 199 113 92 173 110 234 115 200 257 133 90 99 106 179 194 146 41 163 194 86 69 123 195 195 76 163 188 140 184 170 141 162 194 235 207 251 108 195 60 129 243 117 
160 267 221 162 187 174 175 250 88 0 134 228 284 76 163 115 182 176 154 137 132 259 250 186 261 124 200 162 230 193 286 210 230 185 279 232 119 168 212 242 226 200 219 254 326 342 319 272 194 310 251 206 137 255 217 243 244 214 108 204 254 204 256 245 244 357 198 207 277 227 243 229 334 146 197 309 191 198 169 120 180 255 349 279 242 176 232 122 206 217 249 287 272 141 109 172 218 228 272 216 290 98 149 205 253 262 154 148 183 280 180 239 236 134 192 264 236 139 171 263 262 205 216 274 139 154 225 263 211 243 297 159 180 226 143 196 174 238 296 112 136 328 260 277 207 224 160 186 342 202 241 129 231 261 133 196 306 219 268 157 111 241 173 301 179 266 325 194 150 165 171 236 260 211 90 214 260 151 123 176 260 263 119 225 256 185 252 230 206 218 259 300 270 320 164 263 124 190 310 165 
122 234 215 128 139 153 190 205 76 134 0 200 242 98 147 125 132 169 106 144 90 241 213 171 211 147 175 129 179 189 256 196 186 133 252 239 90 117 162 212 196 148 175 217 288 313 273 225 144 279 200 169 114 219 166 194 244 206 67 188 204 209 206 217 207 326 148 185 225 178 218 192 296 115 145 280 141 181 178 112 153 203 297 227 192 173 196 128 187 166 212 255 220 160 113 138 166 227 230 168 238 91 132 156 209 211 157 98 156 237 128 187 188 116 152 221 221 124 145 226 245 153 175 245 125 148 185 222 160 191 256 110 147 188 99 152 125 205 264 92 112 294 216 225 162 173 141 157 299 171 189 127 179 241 98 187 262 166 227 170 137 196 123 269 128 237 285 142 141 116 148 230 234 161 97 218 231 131 121 178 208 230 124 172 219 152 206 219 155 215 234 275 253 278 130 221 105 176 260 173 
140 196 204 242 154 176 230 207 161 228 200 0 220 196 183 196 212 227 203 179 204 200 182 161 240 238 196 128 272 223 214 189 180 179 209 245 194 185 249 179 154 238 207 187 257 271 266 222 230 238 283 144 149 185 240 205 240 217 146 200 217 215 221 174 179 285 200 150 276 190 179 171 266 232 205 238 176 169 191 192 269 243 332 261 229 190 308 229 148 226 180 216 278 237 223 105 204 220 210 187 291 148 249 179 194 286 234 192 163 222 226 257 194 233 154 203 183 191 262 194 208 225 153 203 224 139 192 198 190 249 234 213 139 160 216 154 181 169 224 148 229 257 218 262 237 210 108 114 281 130 223 143 256 199 212 173 247 227 202 209 231 195 210 230 203 195 260 203 137 179 110 214 191 216 168 227 189 149 210 203 235 192 216 227 186 269 199 209 183 218 190 231 214 257 240 199 109 143 279 188 
181 118 259 267 122 237 294 178 215 284 242 220 0 251 244 256 196 287 214 244 234 206 147 225 200 294 254 179 284 287 158 252 121 165 166 302 242 202 246 237 126 254 236 121 139 202 142 113 225 165 285 157 208 80 222 120 296 281 192 264 119 273 135 226 176 199 209 210 250 122 240 191 148 272 187 188 161 233 251 248 294 179 242 170 216 254 326 281 180 238 91 207 234 297 272 136 152 274 81 163 239 208 287 152 76 275 292 205 222 109 254 253 119 273 186 106 203 248 299 81 240 218 82 140 275 198 223 96 142 208 139 235 188 75 255 142 202 201 162 205 263 170 209 179 278 161 161 146 140 125 152 207 271 195 238 231 128 193 74 274 287 155 245 158 230 142 163 170 199 206 166 266 151 231 228 287 174 210 264 267 149 187 271 187 86 307 74 269 127 280 183 199 231 148 287 60 173 179 204 249 
127 236 190 120 153 142 144 216 56 76 98 196 251 0 132 85 143 145 115 107 92 228 217 156 226 93 168 130 192 163 254 179 197 149 248 202 84 132 173 210 194 162 185 222 294 311 285 238 155 278 213 174 105 223 179 209 213 184 74 173 219 173 221 214 212 326 163 176 241 192 212 197 302 106 160 278 156 167 139 88 137 218 313 243 207 146 191 86 175 182 217 255 235 111 66 140 182 197 239 182 253 68 107 170 219 224 123 110 152 247 143 202 202 92 159 231 205 107 129 231 232 168 183 243 104 124 192 230 176 205 264 121 148 194 105 163 139 206 265 80 94 297 227 241 173 189 129 154 309 170 205 98 195 231 92 166 272 181 235 126 79 208 138 270 143 235 293 157 120 130 140 206 229 176 59 183 229 120 91 146 224 231 86 188 224 145 218 199 171 187 228 269 239 287 128 230 93 160 275 134 
126 223 186 193 159 129 175 218 98 163 147 183 244 132 0 131 187 162 166 125 155 216 208 143 239 173 158 122 237 165 241 167 196 168 234 213 136 158 219 198 181 204 191 213 284 297 285 239 201 265 254 165 97 212 217 215 216 177 99 160 227 183 229 201 203 312 182 162 264 198 198 189 292 177 189 264 170 154 154 129 218 240 333 262 222 146 261 166 162 204 206 243 265 172 161 129 201 198 233 190 281 83 192 180 215 262 169 157 140 243 185 235 206 176 155 225 194 128 207 220 219 202 176 229 163 118 190 222 189 236 257 172 140 185 164 163 158 195 252 87 175 284 227 262 195 207 116 141 304 157 223 100 226 217 163 158 268 212 227 154 167 208 169 257 170 221 285 188 112 150 126 201 215 195 103 192 215 107 146 154 239 219 152 215 213 215 218 190 184 186 214 255 227 280 183 223 79 149 285 149 
134 235 185 164 165 142 145 226 69 115 125 196 256 85 131 0 175 143 149 103 130 224 220 152 242 126 170 133 222 158 252 175 205 168 245 199 109 153 205 211 193 191 196 225 296 309 294 248 187 278 242 177 106 225 208 222 209 179 89 170 233 170 235 214 215 324 181 174 262 205 210 201 305 146 184 276 172 164 137 98 185 239 334 264 224 141 234 124 171 201 219 255 260 121 118 141 201 193 245 195 277 66 155 184 226 253 129 141 152 254 170 227 213 139 165 236 201 112 174 233 227 194 188 241 130 118 199 234 192 231 269 153 151 197 138 172 156 207 264 83 141 297 236 262 189 208 125 153 315 170 225 93 218 227 135 160 279 207 239 126 120 217 158 269 163 233 297 182 115 147 138 200 226 194 56 180 228 119 109 141 242 232 111 212 226 185 227 194 188 182 226 266 235 292 156 235 91 155 290 132 
132 215 250 106 93 187 238 168 126 182 132 212 196 143 187 175 0 215 56 191 94 253 195 202 146 195 205 143 139 233 246 228 143 78 247 282 140 100 74 223 190 122 176 191 254 301 212 163 52 262 133 161 150 190 58 123 283 244 104 223 123 252 131 226 196 307 122 205 147 116 235 187 261 144 65 269 94 210 223 161 125 103 190 121 145 214 156 176 204 143 184 249 106 210 150 138 77 265 186 124 126 137 144 107 162 118 206 58 182 189 135 123 129 135 152 181 239 170 160 195 264 79 142 234 175 183 184 186 88 79 218 97 158 157 135 124 117 206 248 134 112 272 191 117 190 89 163 163 249 166 93 169 157 250 81 220 214 60 188 218 185 157 145 251 131 227 250 36 176 118 165 263 231 143 147 261 228 164 171 222 114 223 173 69 189 177 144 252 79 254 236 273 269 238 180 178 136 199 184 218 
166 267 223 213 198 173 197 258 114 176 169 227 287 145 162 143 215 0 191 150 176 258 251 185 276 186 200 164 264 195 284 209 237 203 277 244 155 189 246 242 224 231 229 256 327 340 326 280 228 309 282 208 137 255 247 254 250 215 126 202 266 215 268 245 245 356 216 206 298 237 241 231 335 195 221 308 206 197 184 144 236 275 369 298 258 179 282 180 204 237 250 286 298 185 175 172 236 233 275 228 314 97 209 217 257 292 182 183 183 285 211 265 245 192 196 267 235 147 225 264 261 232 218 272 179 156 231 265 226 268 300 196 182 228 184 203 191 238 295 115 193 328 267 297 225 242 158 184 346 201 259 133 256 260 183 197 310 244 270 177 179 248 197 300 200 265 327 220 151 182 170 238 258 229 116 223 259 150 160 183 276 262 166 248 256 234 259 230 221 222 258 299 269 323 202 266 123 190 323 178 
121 222 233 84 106 169 213 177 100 154 106 203 214 115 166 149 56 191 0 167 66 246 199 185 166 167 187 131 117 211 249 211 157 89 248 260 113 89 86 214 190 102 166 199 267 305 236 187 68 268 131 159 130 201 95 150 264 225 81 205 155 231 160 218 196 314 118 193 170 137 224 184 275 116 86 272 103 194 201 135 109 142 234 165 154 193 141 148 194 136 194 248 152 183 122 134 110 246 203 135 171 113 117 119 179 141 180 34 166 207 111 130 150 107 145 195 229 146 132 207 254 91 153 237 148 165 177 199 112 123 231 69 147 168 107 129 106 201 253 112 87 280 194 161 169 119 151 157 268 165 131 148 143 244 57 203 232 100 203 193 157 168 123 257 114 230 263 76 158 104 155 246 231 135 121 239 227 145 144 200 152 222 146 108 200 148 168 235 106 234 233 272 260 253 153 194 119 187 212 196 
132 214 148 186 165 133 113 222 88 137 144 179 244 107 125 103 191 150 167 0 151 192 205 127 246 148 163 126 239 140 228 148 199 175 219 158 129 163 222 197 170 206 198 210 279 283 287 243 204 255 258 166 103 206 222 221 169 151 101 152 233 129 235 196 202 300 189 151 271 204 190 190 288 168 195 253 177 141 96 117 208 246 340 269 229 108 256 147 141 210 202 236 272 140 140 128 207 153 233 196 287 72 178 186 216 267 150 158 143 245 187 240 211 162 160 226 167 123 197 215 196 207 176 215 151 83 196 221 196 242 257 172 143 183 159 168 164 192 243 89 164 276 232 269 200 214 99 133 304 150 230 58 231 196 157 126 269 218 225 92 142 212 172 247 175 209 283 194 84 156 115 163 198 202 78 139 205 109 131 104 246 214 134 222 208 207 221 163 191 145 200 239 203 280 176 222 75 122 291 91 
123 233 223 81 127 161 195 196 83 132 90 204 234 92 155 130 94 176 66 151 0 246 211 178 193 146 181 132 145 197 258 204 176 114 255 246 96 102 124 215 198 120 172 213 284 315 261 212 106 279 166 168 121 216 132 178 252 214 73 196 185 217 188 220 206 326 135 191 201 163 223 192 291 92 118 281 126 188 185 118 107 176 270 200 176 181 148 126 193 152 208 256 188 163 98 139 142 235 222 156 207 98 97 142 200 177 162 62 162 228 110 160 175 85 152 214 227 132 110 223 252 124 169 246 128 155 184 216 141 159 249 75 149 183 88 145 116 207 264 100 71 293 210 197 165 150 148 161 290 172 165 135 159 246 50 195 253 136 221 176 134 187 120 268 119 239 280 111 149 110 154 238 237 149 102 226 234 138 125 186 185 230 126 143 215 125 193 227 136 223 237 278 259 271 135 214 112 183 241 180 
183 154 187 285 183 211 237 234 196 259 241 200 206 228 216 224 253 258 246 192 246 0 181 181 271 269 234 171 315 246 158 205 196 217 145 224 233 228 292 222 116 282 250 177 228 208 266 228 272 188 326 171 186 151 280 222 220 234 188 228 232 196 238 206 196 228 242 171 312 210 209 203 239 272 244 188 212 192 177 226 311 271 353 282 266 203 351 263 112 268 157 207 313 265 258 135 234 196 199 219 324 179 289 211 190 327 266 236 202 220 269 299 211 272 196 200 113 226 303 160 165 266 153 143 260 134 234 188 219 285 228 256 183 148 257 185 224 197 185 184 270 217 250 286 280 241 110 124 270 118 249 154 299 117 255 166 242 264 184 219 263 218 253 187 246 141 249 240 146 222 129 191 122 259 197 217 157 183 244 215 256 192 250 262 159 310 199 212 211 218 142 165 142 248 279 184 141 101 300 177 
149 131 222 247 117 200 255 167 181 250 213 182 147 217 208 220 195 251 199 205 211 181 0 187 203 260 218 143 268 249 159 214 123 157 161 264 211 181 238 199 105 236 209 113 184 215 197 157 218 177 273 122 172 114 221 149 258 242 161 226 159 235 166 187 140 224 191 171 249 138 201 157 193 245 183 183 151 194 213 213 275 201 281 209 206 215 310 249 145 219 107 171 246 261 241 99 165 237 137 155 255 172 262 146 122 270 257 189 186 152 231 243 138 246 155 131 174 213 274 122 206 210 82 147 243 160 192 125 150 218 161 215 153 86 228 123 179 163 162 170 239 190 189 214 248 172 123 108 208 90 177 169 252 173 217 193 175 199 128 235 253 148 218 166 206 141 186 175 161 181 128 229 145 210 192 249 147 173 231 228 183 149 237 195 114 281 130 231 140 241 157 188 202 184 256 125 135 145 228 210 
129 195 157 217 156 140 177 211 123 186 171 161 225 156 143 152 202 185 185 127 178 181 187 0 240 197 166 117 255 175 210 136 185 174 202 194 161 171 236 181 152 221 197 191 260 266 271 228 217 236 270 149 115 187 230 209 191 164 120 155 221 164 224 178 184 282 191 132 271 193 171 175 269 202 198 234 173 123 139 153 242 243 333 263 226 137 284 190 128 215 183 217 274 193 185 110 203 172 215 188 288 106 217 179 199 276 193 175 138 228 205 247 198 201 151 208 159 153 232 196 184 215 159 198 188 90 188 203 190 245 239 192 133 164 188 157 169 175 224 112 200 257 221 263 214 209 82 114 286 131 224 90 241 183 186 127 252 221 206 157 190 199 188 229 186 191 265 197 84 163 96 170 182 205 125 175 186 112 171 150 238 195 177 223 189 240 205 159 184 165 183 223 192 262 208 204 70 114 282 135 
172 220 287 221 101 235 296 177 195 261 211 240 200 226 239 242 146 276 166 246 193 271 203 240 0 272 250 179 238 286 253 267 148 118 256 325 216 164 196 252 200 211 217 197 258 307 220 171 175 268 236 179 200 194 172 135 322 289 168 268 143 295 146 250 209 312 173 234 199 122 263 207 265 236 137 277 120 247 270 229 247 153 244 174 175 262 278 256 226 200 189 261 193 281 241 159 115 303 190 136 203 197 248 118 166 225 275 159 223 193 216 204 135 235 182 185 260 233 260 199 287 168 147 240 250 221 216 190 101 165 223 192 191 162 221 138 171 227 255 193 221 277 206 174 252 121 192 183 254 180 135 216 230 265 193 256 219 146 192 275 264 163 214 257 197 235 255 123 215 176 193 297 241 196 214 306 240 209 243 273 150 236 249 142 194 270 153 290 96 297 250 283 289 242 258 182 178 224 199 266 
171 278 231 177 198 184 187 261 99 124 147 238 294 93 173 126 195 186 167 148 146 269 260 197 272 0 211 173 243 204 296 220 241 196 289 244 131 180 225 252 236 213 230 265 337 352 330 283 207 320 264 216 147 266 230 254 255 225 119 214 265 215 267 256 255 367 210 218 289 238 253 240 345 160 209 320 203 208 181 131 195 267 361 291 254 187 247 136 216 229 259 297 285 153 126 182 229 239 283 228 302 109 165 216 263 275 164 161 194 291 193 252 247 149 202 274 246 149 186 274 273 218 226 284 150 165 236 273 222 255 307 173 191 237 156 207 186 248 306 122 152 339 271 289 219 236 170 196 353 212 253 140 243 272 148 207 316 231 278 169 128 252 185 312 190 277 336 207 161 177 182 247 270 223 100 225 271 162 134 187 272 273 130 237 266 199 263 240 218 228 270 311 280 330 176 274 135 201 321 176 
137 235 214 220 170 152 214 228 133 200 175 196 254 168 158 170 205 200 187 163 181 234 218 166 250 211 0 132 257 204 254 192 206 181 249 246 167 174 238 210 194 223 204 223 295 311 294 249 220 278 273 175 122 223 234 226 246 209 122 187 238 216 240 213 213 325 196 179 278 209 212 199 303 206 203 278 182 175 189 164 246 252 345 274 234 180 287 201 181 219 217 255 280 211 195 140 213 228 243 200 295 121 223 191 225 279 207 177 151 253 207 251 216 206 165 235 214 163 237 232 239 219 186 243 196 146 201 233 201 251 267 194 150 196 192 173 173 206 264 121 204 296 237 274 216 219 135 154 314 170 235 134 244 235 190 184 278 227 237 193 204 218 190 269 188 235 295 203 139 166 142 227 230 210 142 226 229 127 182 190 250 231 188 229 224 244 228 216 196 218 229 270 246 290 213 234 100 170 296 184 
69 162 166 171 96 115 177 153 94 162 129 128 179 130 122 133 143 164 131 126 132 171 143 117 179 173 132 0 201 167 183 145 130 113 179 203 125 114 179 139 123 167 137 148 220 240 219 173 160 206 213 100 85 149 171 151 200 167 76 146 163 173 166 144 138 253 131 118 210 134 148 123 228 162 138 207 112 125 147 126 198 181 273 202 165 140 236 162 119 156 143 182 213 175 155 66 142 181 167 127 226 85 179 119 149 217 170 121 101 177 154 188 141 163 91 159 154 126 192 157 178 156 110 172 156 99 127 157 129 184 191 141 74 120 146 98 111 132 191 83 158 223 162 203 166 148 76 84 238 98 164 94 185 170 140 135 202 161 162 156 166 142 138 197 131 164 219 136 93 107 79 177 161 146 106 183 158 89 143 151 178 157 150 162 150 199 152 168 124 174 161 202 185 214 171 158 56 112 222 143 
190 291 303 170 176 239 286 247 173 230 179 272 284 192 237 222 139 264 117 239 145 315 268 255 238 243 257 201 0 282 318 282 227 160 317 332 187 158 169 283 259 172 235 269 337 375 308 259 151 337 207 229 201 270 174 222 334 296 153 275 228 302 232 287 265 384 187 263 243 209 293 253 344 193 160 341 173 264 273 208 196 218 311 242 224 265 228 223 264 205 263 318 230 258 200 203 184 317 273 205 248 185 199 190 250 219 254 107 236 277 183 202 221 188 214 265 299 219 213 277 323 165 222 307 222 235 246 269 185 201 301 145 217 237 183 198 175 271 322 184 170 349 264 238 240 192 220 226 339 234 206 219 213 314 142 274 303 177 273 266 232 238 194 326 184 299 333 153 228 173 224 317 300 204 194 311 296 216 218 272 227 291 221 185 270 226 240 306 179 305 302 341 330 323 227 265 189 256 285 267 
173 261 209 234 206 174 190 263 135 193 189 223 287 163 165 158 233 195 211 140 197 246 249 175 286 204 204 167 282 0 277 197 241 215 269 230 176 205 265 240 218 249 239 254 325 333 329 284 246 303 300 208 144 252 264 262 235 201 144 195 274 200 276 241 245 349 229 198 312 245 236 233 333 216 236 301 217 188 170 165 257 287 380 310 269 164 303 199 194 251 247 282 313 198 194 171 248 218 276 236 328 117 229 227 259 309 201 202 184 287 230 281 252 213 201 268 223 167 246 261 250 249 219 265 200 141 236 265 237 283 300 216 185 227 205 209 205 236 290 131 214 323 273 309 241 254 149 179 347 196 270 118 273 249 204 183 312 259 269 170 197 253 214 295 216 258 327 235 137 197 162 224 249 242 131 209 253 150 181 169 286 259 186 262 254 255 263 217 231 207 250 290 257 323 223 266 118 177 332 165 
193 99 229 295 167 234 275 218 219 286 256 214 158 254 241 252 246 284 249 228 258 158 159 210 253 296 254 183 318 277 0 236 170 208 108 268 252 231 289 235 96 286 256 143 175 157 223 190 269 131 324 168 207 97 272 191 263 266 203 255 196 240 207 219 187 172 241 195 300 184 229 202 187 289 235 143 202 219 220 250 323 247 320 248 257 237 359 287 146 269 112 198 295 294 281 139 214 240 154 206 304 205 306 197 148 321 292 239 221 180 278 294 182 290 200 163 159 249 319 105 203 261 122 88 282 172 238 147 199 268 190 263 194 109 273 174 228 201 139 207 285 162 240 255 293 221 139 134 223 112 222 189 302 145 265 204 201 250 136 256 289 198 264 134 253 89 208 226 180 229 151 233 94 260 225 259 147 206 268 250 224 184 274 245 110 326 156 247 188 256 146 145 186 207 298 137 165 142 272 219 
156 222 178 242 183 165 198 238 148 210 196 189 252 179 167 175 228 209 211 148 204 205 214 136 267 220 192 145 282 197 236 0 212 202 228 214 186 198 262 208 178 248 224 218 287 292 299 255 244 262 296 177 140 214 257 237 212 186 145 180 249 184 252 205 212 308 218 159 299 221 198 203 296 227 225 261 200 150 159 177 267 270 361 290 253 158 310 214 152 242 210 244 301 215 209 138 231 193 242 215 315 130 242 207 226 303 216 201 165 255 231 274 226 225 179 235 183 177 257 223 209 242 186 224 212 111 215 230 217 272 266 218 160 192 213 184 196 202 250 137 224 284 248 291 240 237 107 141 314 157 252 111 268 208 212 148 279 249 233 178 214 227 214 255 212 217 292 224 104 190 123 191 208 232 148 195 212 138 195 171 265 222 200 250 216 265 232 180 212 186 209 249 216 289 233 231 96 137 309 156 
129 137 227 209 65 189 250 121 162 230 186 180 121 197 196 205 143 237 157 199 176 196 123 185 148 241 206 130 227 241 170 212 0 109 174 269 188 144 191 194 120 197 181 113 175 224 153 107 170 184 228 114 158 110 169 91 263 239 137 219 103 239 107 188 138 228 152 173 196 79 202 146 183 215 133 195 104 192 215 195 236 142 222 151 159 212 269 227 157 181 105 185 189 246 217 95 107 243 110 106 197 158 230 96 88 221 240 148 175 115 197 197 80 216 134 103 188 196 242 116 218 163 63 157 221 163 170 107 93 162 139 178 140 78 199 86 146 162 172 154 205 193 154 155 222 114 129 115 178 104 118 166 214 188 180 197 141 144 110 230 233 98 189 174 173 152 171 120 161 149 131 236 159 173 177 251 162 163 211 224 124 161 217 139 110 250 86 233 82 242 172 202 216 160 231 102 128 156 169 212 
104 178 223 143 57 165 225 131 120 185 133 179 165 149 168 168 78 203 89 175 114 217 157 174 118 196 181 113 160 215 208 202 109 0 209 259 139 87 122 190 152 132 148 154 220 263 188 139 102 225 160 124 130 154 104 103 257 222 93 200 111 229 114 192 158 270 97 173 137 89 202 150 227 158 67 232 56 182 202 154 170 112 206 136 107 193 202 179 170 123 148 211 140 207 163 102 73 238 154 87 153 124 170 71 131 153 200 81 155 158 138 128 101 157 119 147 204 159 182 160 230 94 106 196 174 156 151 151 67 111 184 114 126 121 143 86 96 170 211 120 142 235 153 134 177 80 131 127 219 129 97 148 152 213 115 192 183 88 155 204 187 121 137 214 120 189 216 64 150 101 133 235 193 120 140 239 190 141 168 203 115 185 173 88 154 192 120 225 62 230 199 235 234 205 181 146 111 165 167 198 
190 107 218 293 169 228 266 220 213 279 252 209 166 248 234 245 247 277 248 219 255 145 161 202 256 289 249 179 317 269 108 228 174 209 0 256 247 229 289 230 94 284 253 147 183 158 230 196 269 139 324 166 202 105 273 196 252 257 199 248 202 228 212 214 186 177 240 188 302 188 222 200 195 285 236 145 203 212 209 244 320 251 326 254 258 229 357 281 136 268 119 196 299 287 276 135 217 228 162 207 307 199 302 199 155 322 285 238 216 186 276 295 187 286 198 169 146 243 315 114 192 262 126 92 277 162 236 153 202 271 196 261 190 115 269 175 226 198 145 201 281 171 241 261 289 224 131 129 231 109 227 180 301 132 263 194 207 252 143 247 283 201 261 141 251 94 214 228 171 226 144 222 80 259 218 248 143 200 262 241 230 182 268 248 117 322 163 238 192 246 138 132 174 214 293 144 159 131 277 208 
213 260 183 282 242 217 189 296 184 232 239 245 302 202 213 199 282 244 260 158 246 224 264 194 325 244 246 203 332 230 268 214 269 259 256 0 225 252 314 266 217 299 281 267 331 320 353 310 296 297 349 233 190 256 312 294 190 226 193 231 306 138 309 259 266 339 274 211 356 278 252 260 341 264 282 295 258 208 114 212 304 328 419 348 311 186 352 243 182 298 256 291 358 235 235 193 289 172 292 274 373 166 274 265 279 357 246 251 222 308 280 329 283 258 237 288 197 217 293 265 233 297 238 254 247 130 274 280 276 329 317 266 219 240 254 242 251 257 289 180 260 323 306 349 290 295 151 190 364 203 310 133 321 229 253 172 331 305 281 175 237 284 264 293 265 250 341 281 146 244 174 194 233 288 174 171 252 191 227 187 323 271 230 307 260 303 286 218 270 199 243 276 234 340 272 280 152 156 367 118 
120 231 204 132 143 144 174 207 61 119 90 194 242 84 136 109 140 155 113 129 96 233 211 161 216 131 167 125 187 176 252 186 188 139 247 225 0 123 170 207 192 156 176 216 287 309 276 228 152 275 208 167 105 217 174 198 231 194 65 178 209 195 211 212 206 323 153 178 232 182 212 190 295 115 152 276 146 172 164 96 156 209 304 234 197 160 201 114 179 172 211 252 228 144 104 135 172 214 231 172 245 77 130 160 211 219 141 106 150 238 136 195 192 113 151 222 212 111 145 225 237 161 175 241 109 136 184 222 166 198 256 118 143 187 103 153 129 202 261 81 113 292 218 232 163 179 133 152 300 167 196 114 186 234 102 176 264 174 227 154 122 198 128 266 133 233 285 150 130 120 141 218 229 166 81 204 227 122 105 164 215 227 108 180 217 153 209 209 161 202 228 269 245 279 121 222 96 167 265 159 
103 204 220 136 95 157 212 164 104 168 117 185 202 132 158 153 100 189 89 163 102 228 181 171 164 180 174 114 158 205 231 198 144 87 229 252 123 0 135 196 172 125 147 183 252 287 229 181 116 250 169 141 120 185 130 148 253 214 78 193 157 222 160 200 178 297 103 176 180 133 206 165 260 143 102 254 95 180 194 139 164 157 252 182 146 185 198 162 177 120 178 230 178 191 147 115 120 234 190 124 195 110 156 111 168 175 185 79 151 196 123 147 144 142 126 182 212 145 168 192 236 115 138 219 158 152 158 185 114 149 218 104 129 152 127 113 87 182 235 107 131 263 178 180 162 126 134 138 258 146 143 139 142 226 107 190 221 125 189 192 171 155 121 239 104 212 248 101 145 88 137 233 212 117 124 231 208 133 151 193 162 203 156 129 184 177 162 222 109 224 214 253 242 239 164 182 106 170 213 189 
168 260 284 138 140 220 269 213 156 212 162 249 246 173 219 205 74 246 86 222 124 292 238 236 196 225 238 179 169 265 289 262 191 122 289 314 170 135 0 260 232 154 212 236 302 345 265 216 86 307 166 201 182 237 114 178 316 277 135 257 180 284 186 264 237 352 160 241 197 167 271 226 309 174 113 312 138 244 255 191 160 164 254 185 189 247 191 205 241 179 230 290 171 240 180 177 134 298 236 169 190 168 175 153 212 164 237 88 216 239 165 163 180 165 190 229 276 201 190 242 301 120 188 277 205 216 222 233 140 142 266 126 194 204 165 167 152 245 292 166 144 317 233 181 222 144 199 202 300 207 153 201 190 289 113 254 264 120 237 249 214 203 176 296 164 270 298 96 209 152 202 297 273 179 177 293 269 197 201 254 175 264 203 129 236 206 198 286 133 287 276 314 307 287 210 227 170 235 239 250 
151 215 225 254 167 191 248 220 174 242 212 179 237 210 198 211 223 242 214 197 215 222 199 181 252 252 210 139 283 240 235 208 194 190 230 266 207 196 260 0 175 249 218 204 275 292 281 237 241 258 294 159 163 204 251 219 261 235 159 217 231 236 234 195 195 306 211 173 287 203 202 184 284 244 216 258 187 188 212 206 281 255 344 273 240 208 319 242 171 237 198 235 289 252 236 121 216 241 226 199 302 163 261 191 209 297 249 204 177 238 237 268 208 245 166 219 206 205 274 212 231 236 169 224 237 160 203 215 202 261 250 224 151 177 228 167 192 186 244 162 241 276 231 275 249 222 131 135 298 150 236 162 267 221 224 195 262 238 219 227 245 209 222 249 214 216 277 214 157 190 132 236 212 227 183 247 210 164 224 221 248 211 230 238 205 281 214 229 195 238 212 253 237 273 253 216 126 166 292 208 
133 80 175 235 113 174 219 163 159 226 196 154 126 194 181 193 190 224 190 170 198 116 105 152 200 236 194 123 259 218 96 178 120 152 94 217 192 172 232 175 0 227 196 97 151 153 185 148 212 121 267 109 147 75 216 145 211 208 143 196 153 188 161 159 129 167 183 136 245 135 169 143 161 229 179 120 146 160 168 190 263 198 276 204 201 180 299 227 93 210 77 138 243 234 221 78 162 188 119 151 252 146 246 143 109 265 232 180 161 140 218 237 134 230 140 120 114 189 258 84 152 204 75 85 222 117 178 107 147 215 148 204 134 68 212 118 169 141 109 147 225 143 183 210 232 169 82 74 190 52 174 132 243 107 205 149 162 196 104 199 229 145 204 113 194 77 169 172 122 169 92 181 77 201 166 205 88 146 208 193 179 124 214 192 80 265 118 191 138 200 93 119 141 168 238 104 106 91 224 166 
156 259 269 150 147 205 254 217 141 200 148 238 254 162 204 191 122 231 102 206 120 282 236 221 211 213 223 167 172 249 286 248 197 132 284 299 156 125 154 249 227 0 202 237 306 342 280 231 135 305 190 196 167 239 156 196 301 262 119 241 203 269 206 254 233 352 156 229 219 181 259 220 314 166 137 309 145 230 239 176 178 195 290 220 195 231 211 194 230 173 232 285 210 227 173 169 160 283 243 175 228 152 175 161 221 200 222 92 202 248 150 179 193 163 181 235 265 186 188 246 289 144 192 274 191 202 213 238 159 181 271 119 183 206 154 167 142 237 290 150 148 318 232 217 206 168 186 193 310 201 183 186 180 280 122 240 273 157 243 234 203 208 161 294 150 267 302 132 194 140 190 283 267 172 163 277 263 182 187 238 204 259 190 163 239 200 212 272 153 272 269 308 296 293 197 235 155 223 259 234 
127 231 246 210 139 188 249 201 151 219 175 207 236 185 191 196 176 229 166 198 172 250 209 197 217 230 204 137 235 239 256 224 181 148 253 281 176 147 212 218 196 202 0 212 283 312 270 223 193 276 246 166 153 214 204 196 280 244 125 222 207 251 209 222 204 323 164 199 245 179 229 189 291 207 171 279 148 205 224 184 237 218 311 241 201 216 273 216 199 189 207 254 247 236 206 138 179 261 225 169 261 150 223 159 204 250 230 156 178 232 193 221 188 208 149 216 234 186 235 222 259 189 169 244 209 179 181 217 168 218 250 178 152 182 190 147 144 206 261 146 200 290 212 241 211 186 157 161 294 170 202 170 219 248 180 215 257 194 222 228 222 192 180 266 168 236 280 170 172 143 160 258 236 179 168 261 232 163 200 226 218 228 206 196 214 243 203 248 163 252 237 277 265 273 220 216 133 193 264 220 
153 110 225 249 112 205 260 163 186 254 217 187 121 222 213 225 191 256 199 210 213 177 113 191 197 265 223 148 269 254 143 218 113 154 147 267 216 183 236 204 97 237 212 0 158 196 175 138 216 157 273 127 177 88 217 135 261 247 165 231 143 238 151 192 144 202 191 176 245 127 206 161 166 248 180 168 149 199 216 218 276 190 266 194 203 220 311 253 146 220 81 172 239 266 246 104 157 240 111 151 246 177 265 142 99 267 262 190 191 129 233 242 125 249 158 110 172 218 277 96 206 208 65 130 247 164 196 99 142 211 137 217 158 59 232 122 181 168 144 175 242 167 189 200 252 164 127 112 183 90 166 173 253 167 219 196 152 193 101 240 258 142 221 146 208 125 160 170 165 184 132 232 133 211 197 253 142 178 235 233 169 153 242 188 88 284 108 235 131 245 152 177 200 159 260 99 140 146 216 214 
225 136 289 318 176 277 329 230 258 326 288 257 139 294 284 296 254 327 267 279 284 228 184 260 258 337 295 220 337 325 175 287 175 220 183 331 287 252 302 275 151 306 283 158 0 217 207 177 281 182 339 198 248 96 280 183 325 316 237 301 184 302 199 262 216 214 260 244 307 182 275 233 169 320 244 207 215 268 281 290 346 242 307 235 270 289 379 325 207 289 119 239 295 338 317 175 213 303 140 217 301 248 336 207 137 332 333 258 262 169 303 308 179 321 230 159 227 289 348 96 266 274 129 156 319 230 267 142 201 269 188 286 230 115 303 191 252 239 183 247 312 187 258 244 324 221 193 180 205 156 215 242 323 217 289 262 189 253 119 309 329 207 292 177 279 160 206 229 233 254 200 295 169 281 269 318 201 249 307 302 213 221 313 247 109 355 139 302 188 312 208 218 255 200 332 119 211 206 267 280 
250 147 282 352 222 290 330 273 276 342 313 271 202 311 297 309 301 340 305 283 315 208 215 266 307 352 311 240 375 333 157 292 224 263 158 320 309 287 345 292 153 342 312 196 217 0 269 238 325 175 380 225 264 140 327 241 315 321 260 311 245 292 257 275 243 195 297 251 355 236 285 259 230 346 290 200 258 275 272 307 379 299 369 297 312 293 415 344 200 325 162 254 349 350 338 195 266 292 201 261 356 262 363 252 196 377 348 295 278 228 335 350 234 347 257 213 209 306 376 146 256 317 175 128 339 226 295 196 252 321 240 320 251 160 329 230 285 258 193 263 342 207 296 305 349 274 194 191 268 169 273 244 358 195 322 258 249 303 181 311 346 252 321 184 310 146 258 280 235 285 207 286 140 316 281 312 204 263 324 305 273 240 331 299 156 382 202 302 241 310 201 196 237 256 355 181 222 195 323 272 
218 184 310 291 148 278 338 209 251 319 273 266 142 285 285 294 212 326 236 287 261 266 197 271 220 330 294 219 308 329 223 299 153 188 230 353 276 229 265 281 185 280 270 175 207 269 0 125 244 232 306 200 247 148 240 133 347 326 225 307 128 323 147 272 221 267 237 258 268 141 287 233 215 302 206 251 185 279 300 284 317 190 250 178 240 299 349 316 234 265 153 260 247 335 304 181 166 326 139 189 251 247 316 177 118 294 329 229 263 148 282 274 138 302 223 152 262 285 328 149 295 239 129 207 309 248 259 152 159 221 190 261 229 132 286 175 232 247 226 243 289 237 243 187 311 176 212 196 191 178 162 253 298 256 263 281 169 208 141 318 322 186 276 224 260 207 219 185 247 237 215 318 216 259 266 336 231 251 300 312 157 238 306 201 152 336 83 318 143 328 242 263 289 201 319 126 216 234 217 297 
172 152 268 242 100 233 294 162 204 272 225 222 113 238 239 248 163 280 187 243 212 228 157 228 171 283 249 173 259 284 190 255 107 139 196 310 228 181 216 237 148 231 223 138 177 238 125 0 195 199 257 156 201 117 191 84 305 282 178 263 83 281 99 229 179 237 188 215 219 92 244 189 185 253 157 217 136 235 258 237 268 142 207 135 192 255 300 268 194 217 119 220 198 289 256 137 117 284 107 141 203 201 267 128 83 245 282 180 218 112 234 225 89 253 178 114 223 239 279 119 255 189 89 174 262 205 213 117 110 172 153 212 184 96 237 128 184 204 191 197 241 205 196 143 263 127 169 155 163 139 115 209 249 219 214 238 135 159 110 273 275 139 228 190 212 173 184 136 203 189 172 277 182 211 220 293 193 206 253 267 112 197 259 152 120 288 57 275 94 284 204 227 250 166 272 96 172 194 169 254 
149 240 266 120 119 202 251 193 138 194 144 230 225 155 201 187 52 228 68 204 106 272 218 217 175 207 220 160 151 246 269 244 170 102 269 296 152 116 86 241 212 135 193 216 281 325 244 195 0 286 147 182 164 216 92 156 297 259 117 238 159 266 165 244 217 332 141 222 176 146 252 207 289 156 92 293 118 226 237 173 142 142 232 163 169 228 173 188 222 160 210 270 148 222 162 158 113 280 215 149 168 150 157 133 191 142 219 70 197 218 147 143 159 147 171 209 257 183 172 222 282 100 168 257 187 198 202 213 119 120 246 109 175 183 147 147 133 226 272 148 126 297 213 159 203 122 180 183 279 188 132 183 172 270 95 236 244 98 216 231 197 183 158 276 146 250 277 74 191 134 183 279 253 160 159 275 250 178 183 236 153 244 186 108 216 189 176 268 112 269 257 295 288 266 192 207 151 216 217 232 
215 108 257 315 183 258 303 234 243 310 279 238 165 278 265 278 262 309 268 255 279 188 177 236 268 320 278 206 337 303 131 262 184 225 139 297 275 250 307 258 121 305 276 157 182 175 232 199 286 0 342 188 231 104 288 202 292 292 226 280 206 269 218 243 207 183 260 220 316 197 254 223 194 311 251 168 219 245 249 274 343 259 330 258 274 264 378 311 174 288 123 220 309 319 305 160 227 269 163 222 317 230 328 213 158 338 316 258 245 190 299 312 194 312 221 174 189 273 340 111 232 279 135 111 306 200 259 157 213 282 201 283 216 121 294 192 248 224 155 231 306 169 258 266 314 235 166 158 231 135 234 216 321 176 286 232 210 264 143 283 314 213 285 145 274 117 219 241 207 249 176 262 124 279 250 287 172 231 292 277 235 205 298 259 118 347 164 275 202 284 173 175 216 217 321 144 190 171 284 248 
