200
0 121 186 185 227 106 164 118 212 170 176 251 194 189 280 169 310 87 129 204 231 109 144 134 239 146 146 179 156 274 246 262 217 223 294 152 72 113 118 284 113 238 206 150 207 86 192 292 201 230 150 151 120 173 138 214 246 165 141 186 248 136 207 165 86 125 164 128 143 225 204 222 238 258 207 112 182 207 137 210 223 186 248 78 138 198 200 178 226 201 290 169 128 89 144 219 161 206 202 246 220 155 213 153 166 199 237 85 214 185 215 267 229 231 251 244 195 190 287 143 277 256 235 218 137 184 213 118 181 308 88 179 139 261 143 161 152 251 121 257 194 136 186 236 137 170 254 286 270 212 202 217 171 164 264 336 289 196 232 126 190 260 131 166 167 221 112 155 296 95 153 113 157 124 103 186 277 157 162 146 219 217 267 152 224 171 210 177 178 126 160 267 152 208 195 153 188 237 202 165 
121 0 147 230 209 159 77 163 249 187 207 209 174 100 244 228 318 57 112 176 277 102 203 190 198 149 154 234 146 313 202 230 198 197 313 211 77 165 176 315 169 210 217 200 248 86 164 288 255 231 204 116 173 218 188 273 194 136 106 209 207 191 224 202 108 135 152 173 127 252 202 254 203 208 185 171 123 251 76 194 170 201 261 97 149 187 239 224 210 205 297 169 64 148 166 167 194 261 238 274 236 181 219 199 225 233 209 127 238 187 238 294 208 129 234 269 133 236 237 179 219 284 254 173 79 226 211 23 232 290 138 121 106 227 117 170 167 202 161 262 161 193 193 278 147 206 241 306 289 142 217 139 145 106 282 289 309 255 262 129 217 286 189 141 167 165 170 136 325 38 184 43 112 183 155 142 294 214 185 180 267 187 231 191 212 110 174 188 84 174 198 223 174 184 170 210 140 268 138 91 
186 147 0 270 244 210 168 207 284 218 242 254 209 191 285 286 350 150 154 210 317 176 264 239 242 182 188 280 227 349 248 269 233 234 345 270 124 213 239 349 221 247 249 246 285 165 199 321 302 263 252 154 224 257 231 333 243 168 142 241 250 239 257 248 150 171 184 217 160 284 235 289 244 257 217 234 175 290 178 226 217 233 293 154 182 220 275 263 242 237 329 202 135 207 200 216 231 308 274 307 268 218 251 240 281 267 245 171 271 219 271 326 244 253 268 302 188 276 285 215 272 317 287 214 164 267 242 135 278 325 192 180 188 267 165 202 200 249 205 294 196 259 225 316 178 248 274 338 321 205 249 210 177 159 314 336 341 315 295 174 249 318 252 172 199 216 226 170 357 113 219 152 154 239 203 183 326 280 223 217 308 225 273 230 246 174 215 220 196 218 234 269 216 221 207 259 186 302 195 158 
185 230 270 0 226 165 260 147 153 141 132 271 201 282 303 206 273 205 215 252 168 223 193 117 258 179 194 151 273 210 265 282 229 239 248 231 160 150 166 226 157 260 210 161 143 205 233 271 183 206 142 196 167 108 87 240 288 242 195 137 277 128 220 235 154 179 192 158 165 169 181 188 250 288 262 203 238 143 250 251 284 159 215 181 168 205 136 114 258 177 260 210 224 138 137 260 138 184 146 187 197 174 179 128 207 139 266 109 189 192 174 209 231 340 259 203 264 127 324 91 323 201 214 278 242 200 238 222 190 303 174 271 250 280 236 183 170 290 170 222 247 234 188 171 140 214 259 237 218 281 169 294 232 250 219 359 237 235 175 211 136 204 169 234 167 278 165 176 238 195 108 225 213 149 127 274 235 228 204 121 158 235 279 144 217 264 230 155 283 127 105 285 217 212 204 133 224 184 260 240 
227 209 244 226 0 225 219 206 215 120 175 119 59 235 168 295 199 214 207 192 263 235 278 220 104 162 192 256 287 262 112 144 111 110 220 294 168 217 254 245 230 144 194 238 217 224 161 157 283 111 238 117 233 202 193 338 167 218 135 127 146 225 224 269 172 181 135 216 91 163 74 233 93 144 222 263 141 230 244 204 210 135 173 201 166 115 191 204 199 101 190 194 197 221 153 136 190 287 209 186 183 201 102 214 290 179 170 166 207 152 181 199 73 310 142 217 194 224 195 153 203 208 213 211 230 257 204 194 270 150 218 242 252 139 226 173 172 164 213 140 188 293 159 245 121 253 150 209 183 197 143 219 193 215 195 206 203 326 192 216 137 195 263 205 112 189 240 88 246 178 150 217 140 242 202 248 208 304 224 177 257 101 121 204 80 236 84 115 257 204 175 129 237 54 52 238 98 217 158 164 
106 159 210 165 225 0 196 100 193 158 159 257 194 220 285 163 298 129 153 215 211 148 143 118 245 147 151 161 197 255 252 266 218 225 279 156 94 93 119 266 97 242 199 130 187 128 201 284 183 221 132 162 101 153 119 210 258 186 154 170 255 118 200 168 94 131 167 111 145 208 196 206 241 267 219 127 198 188 176 217 240 174 236 108 136 196 181 158 231 191 279 173 159 86 133 231 145 188 183 228 208 145 201 133 158 180 243 68 200 181 200 249 228 269 251 229 216 170 297 125 291 239 223 235 173 168 213 154 161 306 97 208 177 265 171 158 147 262 112 245 206 158 180 216 131 162 253 271 254 234 189 242 185 191 249 343 273 194 214 147 173 243 131 183 162 238 103 157 278 127 136 152 172 115 83 213 262 166 160 129 199 221 270 135 220 201 215 167 214 106 141 273 159 208 196 137 198 220 220 189 
164 77 168 260 219 196 0 196 275 206 232 215 184 107 252 270 334 108 141 189 308 146 246 227 204 171 179 269 193 339 208 238 209 207 332 252 110 201 220 338 207 220 237 235 276 133 176 301 291 245 240 126 210 248 221 316 200 158 118 229 214 227 247 236 139 162 167 206 141 273 216 279 210 214 202 214 128 280 127 210 178 220 279 135 172 201 265 253 225 221 313 191 89 190 190 174 221 296 264 295 256 209 235 230 265 257 219 160 261 205 260 314 217 173 246 292 140 266 243 206 225 306 276 182 120 257 229 62 267 300 176 143 151 235 147 192 190 208 194 277 173 238 213 306 167 238 253 325 307 148 237 145 162 122 302 294 327 298 284 161 238 307 233 161 184 172 210 149 346 72 209 97 122 223 191 164 313 259 214 208 298 196 238 220 224 132 182 206 125 207 225 229 205 193 179 247 146 292 144 97 
118 163 207 147 206 100 196 0 172 136 137 241 176 219 269 168 276 136 151 203 194 154 151 110 228 132 139 151 204 235 236 250 200 209 257 170 94 90 127 245 102 226 180 117 168 136 188 263 173 200 123 150 106 135 104 214 246 181 144 148 241 110 181 167 89 120 152 90 129 186 174 184 224 253 209 141 189 169 182 204 232 152 214 113 120 178 161 140 216 170 258 159 159 93 111 218 123 179 162 207 187 126 179 115 163 159 228 46 178 162 178 228 210 273 232 207 209 153 284 104 279 218 202 226 176 146 197 156 149 286 106 207 182 249 171 141 129 249 102 223 196 172 160 197 111 149 234 249 232 227 167 237 176 188 227 327 251 200 193 145 152 221 137 176 142 228 112 141 257 129 114 157 163 118 76 210 240 177 146 107 183 204 253 113 200 200 199 145 216 89 121 257 153 190 178 130 185 198 211 183 
212 249 284 153 215 193 275 172 0 127 124 263 192 296 298 239 253 228 232 258 180 245 226 149 249 188 208 183 296 197 257 276 222 233 228 261 180 179 199 206 187 256 212 191 135 229 237 254 216 190 175 199 196 119 115 272 287 256 202 117 273 161 228 258 173 194 194 184 165 148 164 189 240 283 271 233 241 147 271 257 291 146 199 204 179 199 123 121 262 161 243 221 240 170 141 258 150 217 134 167 189 189 160 157 239 119 265 133 187 191 159 189 220 358 252 188 272 143 321 85 323 180 208 285 262 224 242 239 220 290 200 286 272 274 254 191 179 288 193 202 254 264 187 165 141 235 252 216 197 288 154 303 242 265 199 351 216 268 154 230 115 183 202 247 162 283 196 173 218 213 98 246 219 182 157 289 216 260 221 134 174 229 268 164 205 280 223 142 300 155 104 276 237 201 195 163 222 163 263 248 
170 187 218 141 120 158 206 136 127 0 89 169 98 226 205 219 172 176 172 179 175 194 204 137 155 119 146 172 245 178 162 182 129 140 159 228 125 147 179 167 158 165 138 163 129 180 155 162 201 98 157 117 163 114 107 258 197 190 124 55 181 145 166 212 121 134 113 147 79 98 73 150 145 190 199 199 157 142 213 181 211 52 110 153 115 108 106 116 181 68 154 153 175 147 82 168 111 204 121 121 105 138 75 133 216 94 177 96 128 109 93 140 124 294 159 129 194 137 230 66 233 133 135 206 202 186 167 175 194 195 159 220 216 180 193 123 116 197 150 119 176 230 108 157 66 191 159 152 135 207 63 224 170 196 128 256 155 249 113 173 65 132 185 178 74 200 169 85 173 151 63 188 139 164 129 223 140 234 168 98 169 136 173 129 110 214 129 47 237 128 89 181 185 106 100 154 131 130 178 169 
176 207 242 132 175 159 232 137 124 89 0 222 151 253 255 213 223 189 191 214 169 206 199 128 208 144 166 163 258 187 216 233 180 190 201 228 140 146 173 189 156 213 167 160 127 191 192 219 193 154 150 155 163 108 98 250 243 214 158 91 230 137 185 220 133 152 150 149 121 129 129 148 199 241 228 200 197 137 230 213 247 107 164 165 136 157 114 111 217 125 209 177 198 143 98 215 111 196 115 150 147 148 128 127 211 105 222 98 143 147 123 171 180 316 210 152 228 129 278 58 279 161 165 241 221 188 198 198 190 251 164 244 232 231 212 147 136 244 156 172 210 231 143 157 97 197 210 192 175 244 117 259 198 222 171 309 194 243 136 189 95 164 178 204 119 239 166 130 200 172 57 205 175 158 126 247 186 231 181 96 162 187 228 128 166 238 181 103 259 124 80 235 197 161 154 145 178 142 219 204 
251 209 254 271 119 257 215 241 263 169 222 0 95 228 164 331 246 226 223 205 311 251 314 263 48 192 219 300 302 312 52 147 143 131 270 325 189 253 290 296 265 159 233 277 266 240 175 203 325 160 279 125 267 249 238 377 143 231 145 178 132 267 261 298 199 208 162 252 118 213 121 278 66 93 239 293 125 278 251 226 208 183 224 222 197 153 241 253 223 151 240 221 202 256 194 108 232 330 257 235 229 237 150 256 326 229 185 202 252 190 230 247 104 304 178 266 187 271 166 200 171 259 258 214 237 294 234 194 308 179 247 247 264 136 239 206 207 139 246 185 199 321 199 294 160 286 190 259 230 180 192 204 208 219 245 145 250 363 243 237 188 244 300 220 153 179 274 114 297 185 197 223 141 281 239 257 259 336 256 219 304 111 86 245 131 240 71 163 257 243 222 74 264 74 73 282 73 266 135 149 
194 174 209 201 59 194 184 176 192 98 151 95 0 200 136 266 187 180 173 157 240 202 249 194 81 131 160 230 254 242 89 112 77 75 204 263 135 188 225 227 200 109 165 210 194 190 126 146 256 97 211 82 203 178 168 310 135 184 100 109 114 198 195 238 140 149 103 187 58 148 63 207 73 117 188 232 107 207 210 170 175 112 154 168 135 84 171 181 166 83 174 162 163 192 125 104 163 261 185 170 158 172 89 187 261 159 135 136 182 122 158 184 59 275 110 195 159 200 163 129 170 190 187 176 196 228 172 160 241 140 187 208 218 108 192 142 142 132 183 128 154 262 131 223 92 222 120 194 169 162 122 184 159 180 177 182 190 297 173 183 120 179 234 171 83 155 210 54 229 144 126 183 105 214 173 214 190 274 193 150 233 67 102 176 67 201 56 92 222 176 151 108 205 38 27 212 65 195 124 129 
189 100 191 282 235 220 107 219 296 226 253 228 200 0 267 294 352 133 164 207 330 171 270 250 217 191 201 292 218 360 221 253 226 223 351 276 134 224 245 358 231 235 257 258 297 158 193 318 314 262 264 142 234 270 243 340 213 180 136 249 228 250 268 259 162 184 186 229 159 292 233 301 224 226 221 239 141 302 152 229 193 240 298 160 193 218 287 275 243 239 332 212 113 215 211 186 243 320 286 315 276 231 253 253 290 278 236 183 282 225 280 334 233 192 262 312 154 289 256 227 237 326 296 199 145 280 249 86 290 315 200 166 176 250 171 212 211 221 217 295 191 262 232 328 187 261 270 344 326 159 256 155 182 144 321 307 346 322 304 184 258 326 258 182 203 185 235 166 366 96 230 122 138 248 214 187 333 284 236 230 321 211 251 243 240 155 196 225 150 230 247 241 228 208 194 270 159 313 155 108 
280 244 285 303 168 285 252 269 298 205 255 164 136 267 0 360 299 257 252 234 344 281 341 293 152 220 247 330 332 351 159 180 175 163 315 353 217 281 318 337 293 187 262 305 300 270 204 257 355 209 308 155 295 282 269 405 191 261 175 219 170 296 289 326 227 236 190 280 146 259 174 309 152 178 267 321 167 312 284 254 242 219 264 251 225 184 279 286 250 194 286 249 235 284 223 160 262 360 290 282 263 265 201 285 354 267 213 230 284 219 265 296 161 343 212 301 225 304 220 233 227 300 290 246 270 322 262 229 337 243 275 280 295 175 270 235 235 188 274 239 229 349 229 329 189 313 224 306 281 224 230 247 237 252 288 250 302 391 283 265 231 291 328 249 184 218 302 143 340 218 230 256 174 309 267 288 300 364 283 249 337 143 181 274 178 273 123 199 292 272 255 180 292 134 122 312 122 302 183 192 
169 228 286 206 295 163 270 168 239 219 213 331 266 294 360 0 356 194 228 292 243 216 146 134 319 222 227 182 263 293 326 340 290 299 333 210 170 157 118 311 149 316 269 182 226 193 277 348 209 284 160 239 167 188 149 205 335 262 231 223 331 142 271 246 171 208 242 180 219 254 259 263 314 343 296 177 276 224 245 293 317 236 296 181 210 267 218 190 306 255 340 248 233 95 198 308 204 210 231 272 271 216 261 182 176 225 318 136 261 251 256 294 299 339 322 285 293 206 374 175 368 287 286 312 244 234 287 225 211 375 171 283 246 339 246 231 219 339 187 304 283 205 249 253 200 237 324 322 304 311 249 318 262 266 304 418 323 189 261 223 222 289 126 260 231 315 142 231 324 200 190 220 249 113 137 288 319 184 235 187 229 294 343 195 288 276 289 230 285 160 189 347 236 279 268 149 274 269 297 266 
310 318 350 273 199 298 334 276 253 172 223 246 187 352 299 356 0 313 307 303 299 331 342 270 231 254 283 304 383 281 237 275 231 237 233 368 262 286 317 261 298 268 274 302 249 318 275 215 336 163 293 235 303 239 236 393 298 322 248 146 277 280 304 351 259 271 239 287 199 167 127 288 218 275 328 339 267 265 348 308 330 190 214 292 252 220 211 238 305 155 227 288 306 286 222 267 250 337 251 187 244 278 117 271 354 205 289 236 268 240 224 198 199 423 259 261 314 263 326 198 333 222 275 328 335 326 298 306 332 259 299 351 352 270 327 260 254 295 290 147 300 370 241 273 202 331 261 214 180 322 189 342 299 326 216 331 200 386 210 310 151 196 321 309 199 313 308 200 257 284 196 322 258 301 268 355 236 373 307 237 292 230 243 268 188 345 216 175 367 266 220 251 323 181 183 284 228 250 286 287 
87 57 150 205 214 129 108 136 228 176 189 226 180 133 257 194 313 0 103 181 252 73 168 159 214 141 142 204 112 292 220 241 203 205 302 177 59 136 140 298 138 219 207 172 226 51 170 288 226 228 174 126 143 193 161 237 214 136 114 196 222 160 210 177 88 122 151 147 129 238 201 235 216 228 186 136 144 227 73 194 187 191 252 71 137 188 218 199 211 201 292 161 78 113 151 187 175 231 218 259 225 163 214 173 191 214 217 102 222 181 224 280 215 166 238 255 155 211 256 159 242 269 241 186 82 201 205 57 204 296 108 134 86 239 110 159 154 221 136 258 168 157 185 256 137 183 243 295 278 169 207 169 147 120 271 308 298 219 245 113 202 272 153 141 163 185 137 140 309 44 166 48 126 148 126 147 283 178 167 160 241 197 245 168 215 124 187 180 117 147 177 241 155 192 179 178 158 251 163 119 
129 112 154 215 207 153 141 151 232 172 191 223 173 164 252 228 307 103 0 176 263 125 206 182 211 135 138 224 176 297 217 236 196 199 299 212 67 156 181 299 164 213 202 190 232 113 165 281 246 221 195 122 166 203 175 275 215 132 111 193 219 182 208 191 94 119 144 161 122 236 194 238 212 228 180 176 149 236 137 187 190 186 247 97 133 180 223 209 204 194 286 155 105 150 150 188 178 252 222 258 221 165 208 185 223 216 211 115 221 175 222 278 208 221 231 253 163 222 256 163 245 268 239 186 126 212 199 103 222 289 134 152 142 235 117 155 151 221 148 251 164 202 180 263 132 192 236 291 275 180 203 186 141 134 268 306 295 258 245 116 201 271 194 135 156 189 168 133 309 77 168 112 126 181 146 156 280 222 170 165 253 192 241 176 207 146 183 175 164 162 182 239 160 186 172 202 157 252 170 134 
204 176 210 252 192 215 189 203 258 179 214 205 157 207 234 292 303 181 176 0 298 205 272 233 193 156 177 272 256 319 200 218 181 182 304 280 141 213 248 314 224 195 215 242 261 193 147 271 295 214 247 105 226 237 217 339 201 185 103 202 202 234 232 254 154 164 138 214 110 246 185 264 194 212 191 247 144 268 210 185 191 193 250 174 161 170 247 242 195 190 283 180 164 215 173 174 210 301 248 269 231 203 204 228 286 236 193 165 241 178 235 286 192 279 217 269 173 257 241 190 234 280 252 185 196 259 206 162 273 273 202 209 219 217 194 175 176 206 204 246 155 275 187 291 143 245 223 296 278 188 209 204 161 182 273 290 298 323 260 189 212 279 259 173 155 184 232 119 321 144 190 184 119 243 202 214 285 292 215 197 290 174 223 216 194 202 165 178 224 210 211 222 219 169 155 253 142 270 166 148 
231 277 317 168 263 211 308 194 180 175 169 311 240 330 344 243 299 252 263 298 0 270 231 147 297 225 242 181 320 220 305 322 269 279 272 275 208 195 202 242 201 302 254 207 156 251 278 302 220 238 181 241 212 119 114 270 331 290 241 161 319 165 266 282 202 226 236 205 209 185 212 230 288 330 309 247 283 154 297 297 330 194 247 228 215 246 145 117 303 209 291 257 272 177 181 303 184 217 178 201 235 221 206 175 247 158 309 156 231 235 207 223 268 388 299 236 311 143 366 127 367 220 254 324 290 248 283 270 235 338 220 319 298 320 284 229 216 332 217 249 293 277 231 180 184 261 299 258 237 327 202 341 279 298 245 398 255 270 194 259 156 220 202 281 208 324 207 218 255 243 144 273 259 185 172 321 263 267 252 167 164 276 316 191 253 312 270 190 330 173 141 324 265 249 242 158 267 210 305 286 
109 102 176 223 235 148 146 154 245 194 206 251 202 171 281 216 331 73 125 205 270 0 191 179 239 160 160 223 142 310 245 264 224 228 320 198 77 154 165 316 157 242 225 190 243 79 193 308 245 247 193 150 162 211 179 261 241 160 138 213 247 180 228 194 105 140 172 164 150 255 220 253 240 255 208 159 173 245 119 215 215 209 270 88 155 208 236 216 232 219 310 180 112 136 169 215 192 250 235 276 243 180 233 191 213 231 239 120 240 200 241 297 237 213 259 272 185 229 283 176 270 286 259 213 119 219 225 99 222 317 127 165 120 263 134 177 172 247 153 276 192 182 204 273 155 200 264 312 296 200 225 203 170 151 289 334 316 243 262 131 220 290 178 164 182 214 158 161 326 77 184 94 152 170 144 175 301 203 185 177 259 220 269 185 235 156 211 198 159 165 194 267 172 215 201 198 184 268 193 152 
144 203 264 193 278 143 246 151 226 204 199 314 249 270 341 146 342 168 206 272 231 191 0 122 301 204 208 170 237 281 308 322 273 281 320 186 147 139 92 299 131 299 252 167 214 167 258 333 197 270 147 219 149 176 137 186 315 240 211 209 312 130 254 225 151 188 223 162 201 242 244 248 296 324 276 152 255 211 219 274 296 221 281 157 192 251 206 178 288 240 326 229 209 71 183 288 189 198 218 260 256 199 247 168 158 212 299 119 246 235 242 282 282 313 305 271 271 193 354 161 348 274 271 291 219 217 269 200 196 359 148 260 221 321 223 213 201 319 168 290 263 178 233 240 184 218 307 309 291 289 234 296 242 243 290 399 310 168 248 200 209 277 104 239 215 295 122 213 312 176 176 194 229 100 120 265 305 155 216 172 216 277 326 180 272 252 271 215 260 144 176 329 216 263 251 136 255 256 277 244 
134 190 239 117 220 118 227 110 149 137 128 263 194 250 293 134 270 159 182 233 147 179 122 0 250 160 170 86 227 197 257 272 220 230 244 175 124 104 91 218 104 250 199 119 132 158 217 267 124 203 83 179 119 93 54 160 274 213 175 133 266 64 204 197 121 152 177 122 153 161 177 182 243 278 240 146 219 129 208 233 263 155 212 140 148 196 122 94 243 173 257 189 190 69 125 246 127 117 143 178 192 152 176 103 141 133 253 76 183 181 171 200 225 301 251 200 241 111 311 88 308 195 208 257 204 171 223 185 147 298 129 238 208 271 202 166 153 276 134 219 227 175 178 157 129 181 252 232 212 259 166 269 208 220 216 350 231 159 169 176 130 196 91 208 159 259 105 164 231 159 105 183 193 74 80 242 232 159 177 110 132 226 272 123 212 231 221 150 245 91 102 278 185 206 197 56 211 180 241 215 
239 198 242 258 104 245 204 228 249 155 208 48 81 217 152 319 231 214 211 193 297 239 301 250 0 179 207 286 290 298 40 134 130 118 256 312 177 240 277 282 252 146 219 264 252 228 163 187 312 145 266 113 254 236 224 364 132 220 133 163 120 253 248 285 186 196 149 239 105 198 106 264 50 83 227 280 114 264 239 213 196 169 209 210 184 139 227 239 210 137 226 209 190 243 180 97 219 317 243 220 216 224 135 242 313 215 173 189 238 177 215 232 89 293 165 252 176 258 155 186 161 244 244 202 226 281 222 182 295 164 235 236 252 123 228 194 194 128 233 170 187 309 186 280 146 273 176 244 215 170 178 193 196 208 231 133 235 350 228 224 173 229 287 208 139 168 261 102 282 174 183 212 130 268 226 245 244 324 243 206 290 98 70 231 116 229 58 149 246 230 208 61 251 59 59 268 62 252 124 138 
146 149 182 179 162 147 171 132 188 119 144 192 131 191 220 222 254 141 135 156 225 160 204 160 179 0 112 199 212 251 186 201 154 160 246 215 91 143 180 249 155 177 149 169 190 147 138 230 222 169 174 101 157 165 143 268 196 153 98 141 191 162 159 189 92 101 102 142 80 185 143 192 176 203 166 184 142 196 176 155 187 134 194 122 88 133 178 170 166 142 233 116 138 146 102 169 137 228 178 207 168 130 155 155 217 168 178 93 172 122 171 226 165 257 187 203 168 184 234 119 230 217 187 181 164 186 149 138 201 244 139 184 180 200 156 103 103 199 136 199 150 213 127 220 79 176 190 239 222 184 150 198 136 161 215 278 242 253 195 139 150 219 190 142 104 182 164 92 258 114 121 151 116 172 130 187 227 227 146 124 217 155 205 142 160 178 150 121 200 137 139 208 156 145 132 180 135 203 164 143 
146 154 188 194 192 151 179 139 208 146 166 219 160 201 247 227 283 142 138 177 242 160 208 170 207 112 0 210 212 272 214 229 183 189 273 217 91 149 184 273 160 205 177 178 209 147 162 260 232 199 183 123 162 182 157 274 220 160 117 167 217 171 181 191 92 101 130 149 109 210 173 213 204 229 182 185 162 214 179 178 205 161 222 122 107 163 199 187 193 171 262 134 144 150 124 193 155 238 198 232 195 142 184 167 221 191 204 101 195 152 196 252 195 263 216 227 183 201 259 139 253 242 213 199 168 196 178 144 209 274 140 190 182 228 160 129 125 224 140 228 169 214 155 239 107 181 220 266 249 201 177 212 150 169 242 305 269 258 219 139 175 245 195 152 134 201 168 121 283 119 143 154 136 178 137 193 254 229 151 141 233 184 234 155 190 184 177 150 205 147 158 235 157 174 161 190 159 226 184 158 
179 234 280 151 256 161 269 151 183 172 163 300 230 292 330 182 304 204 224 272 181 223 170 86 286 199 210 0 272 232 294 309 256 266 278 221 167 147 140 252 148 287 235 160 166 203 255 302 164 237 125 217 163 127 88 210 312 254 214 167 303 108 242 239 162 192 215 163 190 195 212 217 279 315 280 192 258 163 252 272 302 190 247 183 187 233 157 129 281 208 292 228 232 117 162 284 163 157 177 212 228 191 210 141 188 167 291 116 219 218 206 234 261 344 287 234 281 145 349 122 346 229 243 296 247 210 260 228 188 334 172 280 252 308 244 204 191 314 175 253 266 222 215 191 166 222 288 266 246 299 200 309 248 261 250 386 265 209 203 218 164 230 141 248 195 298 151 201 265 201 139 227 232 123 123 284 266 208 217 146 166 263 308 161 247 273 257 185 288 131 136 314 226 242 233 102 249 214 280 256 
156 146 227 273 287 197 193 204 296 245 258 302 254 218 332 263 383 112 176 256 320 142 237 227 290 212 212 272 0 360 296 316 276 280 372 245 129 203 210 367 206 293 277 240 294 120 245 360 293 299 242 201 211 261 229 307 292 211 190 265 298 228 280 245 157 192 224 215 202 306 272 304 292 306 260 205 224 295 162 267 265 260 322 139 207 260 286 266 284 271 362 232 160 182 220 265 243 299 286 328 294 232 285 241 260 282 291 170 291 252 293 348 289 256 311 323 234 279 334 227 321 338 311 263 166 269 277 144 272 369 176 214 166 315 185 229 224 298 204 328 243 227 256 323 207 251 316 364 348 250 277 251 221 200 341 385 367 289 314 183 271 341 223 215 234 264 205 213 378 125 235 137 203 217 193 225 353 248 236 228 309 272 321 236 287 205 263 250 204 215 245 318 223 266 253 246 235 319 243 201 
274 313 349 210 262 255 339 235 197 178 187 312 242 360 351 293 281 292 297 319 220 310 281 197 298 251 272 232 360 0 305 328 275 285 254 322 244 240 252 218 247 311 273 252 174 293 297 291 270 229 230 260 257 163 164 320 343 321 264 145 327 215 292 322 238 258 255 247 223 157 201 254 287 335 334 293 301 189 335 319 352 198 241 268 243 254 121 157 322 204 281 284 305 226 205 314 215 267 199 171 245 254 191 218 296 148 323 197 249 250 210 193 265 423 304 242 334 190 376 150 379 198 267 347 326 287 304 304 281 332 263 351 336 325 318 254 243 343 257 232 316 324 247 190 202 300 304 236 210 349 200 365 305 329 231 399 228 321 173 294 134 191 252 310 219 343 255 231 229 278 160 310 280 235 218 353 252 317 286 199 212 282 314 228 250 344 274 193 365 217 168 323 301 247 243 208 277 210 322 310 
246 202 248 265 112 252 208 236 257 162 216 52 89 221 159 326 237 220 217 200 305 245 308 257 40 186 214 294 296 305 0 142 137 126 263 319 183 247 284 289 259 153 227 271 259 234 170 194 320 152 273 119 261 243 232 371 136 226 139 170 126 261 255 292 193 202 157 246 113 205 113 272 57 84 233 287 118 272 245 220 201 177 217 216 192 147 234 246 217 144 233 216 196 251 188 101 226 324 250 227 223 231 142 250 321 223 179 196 246 184 223 239 96 297 172 259 181 265 159 194 164 251 252 207 231 288 229 187 303 170 241 241 258 131 233 201 201 132 240 177 194 316 193 288 154 280 184 251 222 173 186 196 202 213 238 128 242 357 235 231 181 236 294 214 147 173 268 109 289 179 191 217 135 275 233 251 252 331 250 213 298 106 74 239 123 234 65 157 250 237 216 56 258 66 67 276 67 260 127 142 
262 230 269 282 144 266 238 250 276 182 233 147 112 253 180 340 275 241 236 218 322 264 322 272 134 201 229 309 316 328 142 0 153 141 291 334 200 261 299 314 273 168 242 285 278 253 187 233 334 185 288 139 276 261 248 385 179 245 159 196 158 275 269 307 209 218 171 260 127 235 150 288 132 163 251 302 154 290 268 236 228 197 241 233 206 163 256 264 232 171 262 231 220 265 203 148 241 339 268 258 241 246 177 265 335 244 195 210 262 199 243 273 138 328 190 279 211 282 207 211 215 277 269 231 254 303 243 215 317 220 257 265 279 155 253 215 216 176 255 215 213 331 208 307 169 295 202 282 258 211 207 234 221 237 264 234 278 372 260 248 207 267 309 233 163 204 283 123 316 202 208 241 159 289 248 272 277 346 265 229 315 120 161 253 154 258 105 177 278 252 233 163 273 112 99 291 110 280 170 178 
217 198 233 229 111 218 209 200 222 129 180 143 77 226 175 290 231 203 196 181 269 224 273 220 130 154 183 256 276 275 137 153 0 110 242 287 158 212 249 262 224 138 190 235 225 213 150 193 282 140 236 107 227 208 195 335 170 207 124 145 152 224 219 261 163 172 125 211 81 186 108 235 124 161 211 255 137 237 233 193 201 144 190 191 158 110 203 211 188 122 214 185 187 216 151 140 189 287 215 209 188 196 132 213 285 191 160 160 209 147 190 224 113 300 137 226 185 229 201 158 206 226 215 201 219 252 195 184 266 193 210 231 241 152 215 166 166 169 206 172 177 285 156 254 117 246 149 233 211 191 155 212 182 204 214 230 231 322 208 206 156 218 259 194 110 183 234 77 266 167 155 206 130 239 198 237 226 298 217 176 262 107 153 202 114 225 101 124 246 201 180 158 228 91 78 239 102 227 156 157 
223 197 234 239 110 225 207 209 233 140 190 131 75 223 163 299 237 205 199 182 279 228 281 230 118 160 189 266 280 285 126 141 110 0 251 294 162 220 257 272 232 131 199 244 235 216 151 197 292 146 246 106 235 218 205 344 159 209 124 155 140 233 227 267 169 178 131 219 86 195 113 245 113 148 214 262 130 247 234 197 198 154 199 195 165 120 214 221 193 130 222 191 187 224 160 129 199 297 225 218 198 204 139 222 294 202 159 169 219 156 200 233 108 298 147 236 181 239 190 168 195 236 226 199 220 261 202 183 275 190 217 232 243 139 217 174 174 157 214 178 178 291 166 264 126 254 159 242 218 185 165 207 184 204 223 218 239 330 218 210 166 227 267 196 120 177 242 82 275 168 166 207 128 248 206 238 236 305 224 186 272 95 143 211 118 225 89 134 246 210 190 147 234 85 71 248 91 237 147 151 
294 313 345 248 220 279 332 257 228 159 201 270 204 351 315 333 233 302 299 304 272 320 320 244 256 246 273 278 372 254 263 291 242 251 0 349 251 266 293 235 277 279 265 281 222 305 277 244 312 183 270 239 284 212 211 368 312 317 248 119 293 256 292 336 247 261 238 268 201 150 154 267 244 296 324 320 276 239 340 306 334 178 206 279 242 225 184 211 305 162 236 280 302 263 207 282 231 312 226 173 232 263 143 248 332 178 296 217 251 235 204 189 222 420 270 240 317 237 342 175 348 196 261 330 328 307 293 302 311 287 282 347 343 288 320 250 242 310 274 183 301 351 234 246 193 314 271 199 182 328 176 347 296 323 193 357 202 363 183 300 125 183 297 305 197 320 287 205 233 278 174 315 261 277 247 350 217 352 294 217 266 246 270 249 208 341 235 168 363 245 196 279 310 204 203 259 244 224 296 292 
152 211 270 231 294 156 252 170 261 228 228 325 263 276 353 210 368 177 212 280 275 198 186 175 312 215 217 221 245 322 319 334 287 294 349 0 153 161 162 334 156 310 269 196 254 176 267 354 244 291 192 228 167 218 182 256 324 246 219 240 322 177 270 233 159 197 235 181 213 277 266 276 309 334 284 164 262 253 227 284 303 244 306 163 205 265 247 222 298 262 350 240 215 130 203 297 214 248 252 296 278 215 271 200 206 248 310 138 270 250 269 318 298 321 319 299 278 235 363 194 356 308 293 298 226 238 282 207 227 375 155 265 228 333 229 227 216 328 181 315 271 195 250 282 200 231 322 340 323 295 259 302 249 249 319 410 342 238 283 206 242 312 174 245 231 302 152 225 347 182 206 202 236 164 148 271 332 204 228 198 263 289 339 204 289 258 283 237 267 174 210 341 224 277 265 194 264 289 283 249 
72 77 124 160 168 94 110 94 180 125 140 189 135 134 217 170 262 59 67 141 208 77 147 124 177 91 91 167 129 244 183 200 158 162 251 153 0 98 123 248 105 177 156 132 179 64 130 239 188 178 138 88 108 148 119 217 182 101 77 145 185 124 159 133 39 71 105 104 83 187 151 186 176 195 144 118 118 182 99 149 159 140 201 41 86 140 171 154 166 150 241 111 73 91 101 156 126 194 169 209 174 113 163 129 165 165 175 58 172 131 173 229 170 188 192 204 133 167 223 110 213 218 190 155 90 156 156 70 164 250 75 122 100 199 85 108 103 188 92 207 130 144 134 209 86 137 196 244 227 150 156 157 107 105 220 273 247 199 195 62 152 222 135 102 113 158 110 95 259 43 117 74 94 123 88 126 232 164 117 112 198 155 205 121 167 115 148 129 131 105 129 205 105 148 135 144 124 201 139 104 
113 165 213 150 217 93 201 90 179 147 146 253 188 224 281 157 286 136 156 213 195 154 139 104 240 143 149 147 203 240 247 261 212 220 266 161 98 0 115 252 90 238 191 115 172 135 199 274 169 211 118 160 95 137 103 203 256 188 153 157 252 104 193 171 96 130 163 101 140 194 186 193 235 264 218 132 198 172 183 214 240 163 225 114 131 189 165 142 227 181 268 170 164 82 123 229 132 174 169 214 198 138 190 118 152 166 239 58 188 173 187 235 221 275 244 216 217 155 295 111 289 225 212 235 178 157 208 159 146 298 103 212 183 260 175 152 140 260 109 234 206 164 172 201 123 158 246 257 240 235 177 244 185 194 236 339 260 188 200 150 160 229 125 184 154 238 101 152 264 133 123 158 172 107 68 216 250 166 156 116 184 216 265 122 212 205 210 156 219 91 127 268 160 201 190 124 195 206 220 191 
118 176 239 166 254 119 220 127 199 179 173 290 225 245 318 118 317 140 181 248 202 165 92 91 277 180 184 140 210 252 284 299 249 257 293 162 123 115 0 271 107 275 228 142 186 140 234 309 169 245 120 195 125 147 108 144 291 216 187 183 289 102 230 201 127 164 200 139 178 214 220 223 273 300 252 126 231 183 192 250 272 196 256 132 169 227 177 149 264 215 301 206 184 48 158 264 164 169 191 232 231 175 221 142 134 185 276 95 222 211 216 254 258 286 281 245 247 165 331 135 324 247 246 267 193 193 245 174 172 334 124 234 195 298 198 190 178 296 144 265 239 151 209 212 160 194 283 283 264 265 209 271 218 218 264 376 283 130 221 176 182 249 59 214 191 271 98 189 284 150 150 167 205 69 96 240 279 124 193 147 187 253 302 155 248 227 247 190 234 120 150 306 192 239 227 104 231 229 252 219 
284 315 349 226 245 266 338 245 206 167 189 296 227 358 337 311 261 298 299 314 242 316 299 218 282 249 273 252 367 218 289 314 262 272 235 334 248 252 271 0 261 299 269 264 192 300 290 272 288 210 247 252 269 183 184 342 332 320 259 127 314 233 292 329 242 260 248 256 215 141 182 257 270 320 331 306 292 209 339 315 346 188 225 274 243 243 148 180 316 187 263 283 305 243 205 302 220 287 207 160 237 257 172 230 313 150 313 206 248 244 203 181 249 424 291 236 329 209 364 157 368 178 263 341 329 296 300 305 294 314 272 351 341 311 321 252 242 331 265 212 311 337 241 213 198 306 291 216 193 342 188 359 303 328 213 383 211 340 156 298 114 176 273 309 209 335 270 221 211 280 162 314 274 254 231 353 235 333 290 205 235 268 297 236 234 345 259 181 366 229 177 306 306 231 228 231 265 208 313 304 
113 169 221 157 230 97 207 102 187 158 156 265 200 231 293 149 298 138 164 224 201 157 131 104 252 155 160 148 206 247 259 273 224 232 277 156 105 90 107 261 0 250 204 122 179 137 210 286 170 223 119 171 100 143 108 196 267 196 164 167 264 104 205 179 105 140 175 113 152 203 198 204 247 276 229 128 208 179 186 226 250 175 236 119 143 202 173 148 239 193 280 181 170 74 135 240 143 175 178 223 209 150 201 127 144 175 251 70 200 186 198 244 234 280 256 227 227 161 306 120 300 235 224 245 183 169 220 164 153 310 107 219 187 272 182 164 152 271 120 245 216 159 184 208 135 169 258 268 250 245 189 253 195 202 247 351 270 180 209 158 169 238 117 193 166 248 92 164 273 138 133 162 182 101 74 224 261 158 168 127 188 228 277 133 224 212 222 168 224 100 136 280 169 214 202 123 207 216 230 200 
238 210 247 260 144 242 220 226 256 165 213 159 109 235 187 316 268 219 213 195 302 242 299 250 146 177 205 287 293 311 153 168 138 131 279 310 177 238 275 299 250 0 219 262 259 230 164 230 312 177 265 118 252 241 227 362 177 223 137 182 161 252 246 283 185 194 147 237 103 223 145 267 144 172 227 278 143 270 247 212 211 179 227 210 182 143 239 245 208 160 252 207 199 241 181 147 219 317 248 246 222 222 169 242 311 227 172 187 241 177 225 262 142 311 175 260 194 262 209 191 213 263 248 212 233 279 219 196 294 224 233 244 257 167 231 191 192 176 231 209 191 307 186 289 146 271 186 271 249 199 191 220 198 217 251 245 269 348 245 224 193 256 285 210 142 190 259 100 303 181 189 220 140 266 224 251 263 322 241 207 295 123 173 231 150 238 117 160 258 229 213 175 249 118 104 269 110 262 162 165 
206 217 249 210 194 199 237 180 212 138 167 233 165 257 262 269 274 207 202 215 254 225 252 199 219 149 177 235 277 273 227 242 190 199 265 269 156 191 228 269 204 219 0 213 214 211 193 254 261 192 214 156 207 192 176 313 246 221 159 160 236 202 199 247 153 165 151 190 124 204 166 218 213 247 230 239 198 223 243 214 247 153 214 186 146 167 200 197 218 163 253 183 206 195 129 218 168 266 202 226 187 176 176 191 264 190 224 140 194 151 190 245 198 324 221 223 229 213 282 144 281 236 206 242 232 231 199 205 244 274 196 251 247 240 223 154 148 248 189 220 211 269 149 245 99 228 223 258 241 244 169 260 202 227 234 319 261 300 215 204 169 238 237 209 130 239 214 134 277 181 144 218 175 217 176 254 246 279 202 155 246 195 243 180 188 245 190 141 267 179 165 248 217 178 167 217 182 224 220 205 
150 200 246 161 238 130 235 117 191 163 160 277 210 258 305 182 302 172 190 242 207 190 167 119 264 169 178 160 240 252 271 285 235 244 281 196 132 115 142 264 122 262 213 0 184 171 226 293 182 229 132 188 132 149 115 226 283 220 182 171 277 119 216 205 128 159 188 129 165 207 203 208 258 289 248 168 227 184 219 242 270 180 241 150 157 212 177 154 253 199 285 197 198 110 142 256 148 188 182 226 215 162 206 130 179 178 264 83 206 196 202 248 243 311 267 231 248 166 321 124 317 238 230 264 213 179 233 194 158 318 140 246 219 284 209 177 164 286 141 250 235 199 193 213 144 188 268 271 254 266 194 276 215 227 251 363 273 214 213 184 173 242 150 215 175 267 132 176 277 167 137 194 201 130 92 249 265 197 185 132 195 239 288 139 232 239 234 174 254 104 140 292 192 223 213 139 222 219 249 222 
207 248 285 143 217 187 276 168 135 129 127 266 194 297 300 226 249 226 232 261 156 243 214 132 252 190 209 166 294 174 259 278 225 235 222 254 179 172 186 192 179 259 214 184 0 226 239 253 203 189 163 202 189 97 98 256 290 257 204 111 276 148 230 255 172 194 197 179 168 135 163 191 242 286 273 225 244 123 269 260 293 148 198 201 180 202 99 95 264 161 242 222 241 159 144 261 150 201 136 152 191 189 157 150 229 108 268 130 190 194 160 174 221 358 255 190 275 123 324 87 326 170 211 287 261 220 245 239 213 290 195 287 270 276 254 193 181 291 190 199 256 256 190 137 144 233 255 208 187 290 154 305 244 266 195 353 205 254 144 229 105 170 187 248 165 286 187 177 205 213 101 245 222 168 150 290 214 249 221 134 150 232 270 162 206 281 225 144 300 149 103 278 236 203 197 144 225 161 266 250 
86 86 165 205 224 128 133 136 229 180 191 240 190 158 270 193 318 51 113 193 251 79 167 158 228 147 147 203 120 293 234 253 213 216 305 176 64 135 140 300 137 230 211 171 226 0 182 295 224 234 173 139 142 193 160 237 230 148 127 198 236 159 214 177 91 126 160 146 138 240 207 237 229 244 197 135 162 227 102 204 204 195 257 72 141 196 219 198 221 206 297 167 100 113 154 203 176 230 219 261 229 165 219 173 190 215 228 102 225 187 227 282 225 196 247 257 173 211 272 160 259 271 245 201 105 202 212 85 203 306 107 153 106 252 123 164 158 236 136 263 181 157 190 256 142 184 252 298 281 189 211 191 159 139 274 323 301 219 247 118 204 274 153 152 169 203 136 150 311 65 168 77 141 148 125 163 287 178 170 161 240 209 258 169 223 144 200 184 144 146 177 256 157 203 189 177 173 252 182 140 
192 164 199 233 161 201 176 188 237 155 192 175 126 193 204 277 275 170 165 147 278 193 258 217 163 138 162 255 245 297 170 187 150 151 277 267 130 199 234 290 210 164 193 226 239 182 0 241 279 185 230 79 212 217 198 324 174 174 90 177 172 218 213 240 141 150 114 198 82 220 156 243 163 183 180 234 121 248 199 168 173 168 224 163 144 141 224 222 171 162 255 165 152 201 153 146 191 284 227 243 207 186 176 210 272 213 162 149 219 154 212 260 161 266 186 245 156 237 212 169 207 255 230 169 185 243 185 150 257 243 189 197 208 186 183 157 158 177 190 218 143 263 164 270 121 230 194 270 251 168 183 186 150 170 247 260 271 308 235 177 187 253 245 162 129 162 218 89 296 133 169 173 100 228 186 203 259 279 200 178 270 143 192 198 164 191 134 152 212 194 190 191 206 138 124 236 113 247 143 131 
292 288 321 271 157 284 301 263 254 162 219 203 146 318 257 348 215 288 281 271 302 308 333 267 187 230 260 302 360 291 194 233 193 197 244 354 239 274 309 272 286 230 254 293 253 295 241 0 332 136 288 200 291 241 236 388 257 294 215 154 235 275 286 333 239 249 209 274 167 184 92 280 175 232 298 325 229 268 321 279 295 179 207 270 231 188 221 242 275 136 217 264 277 276 208 225 241 334 250 205 231 261 120 264 345 212 253 223 257 216 220 217 156 392 222 258 278 265 284 196 292 234 263 294 307 314 273 275 323 216 282 321 327 228 301 238 234 254 275 155 268 355 220 279 181 314 226 230 200 284 181 306 270 295 222 288 220 379 220 287 163 214 315 281 174 276 297 166 271 256 193 295 223 295 258 326 238 362 288 227 295 189 200 258 148 315 173 160 337 257 218 208 303 137 140 283 187 252 246 250 
201 255 302 183 283 183 291 173 216 201 193 325 256 314 355 209 336 226 246 295 220 245 197 124 312 222 232 164 293 270 320 334 282 292 312 244 188 169 169 288 170 312 261 182 203 224 279 332 0 267 147 241 184 164 126 243 336 276 237 201 328 131 266 261 184 215 239 185 215 231 242 245 305 340 302 215 281 200 273 295 325 219 277 205 210 259 195 168 305 238 322 251 254 142 188 308 190 192 209 249 256 214 241 166 213 202 315 138 246 244 237 271 288 366 314 265 303 182 373 153 370 264 271 319 269 233 285 250 210 362 194 302 274 333 265 228 215 338 197 285 289 245 240 229 192 244 314 300 281 321 230 331 270 283 283 412 300 238 238 240 199 266 172 270 221 321 174 226 301 223 170 249 255 152 144 305 298 233 240 173 206 288 334 185 275 295 283 214 310 153 168 340 248 269 259 144 273 247 303 278 
230 231 263 206 111 221 245 200 190 98 154 160 97 262 209 284 163 228 221 214 238 247 270 203 145 169 199 237 299 229 152 185 140 146 183 291 178 211 245 210 223 177 192 229 189 234 185 136 267 0 224 145 227 177 172 324 207 235 159 92 187 211 223 271 177 188 151 211 110 125 47 216 133 187 240 262 177 204 262 221 240 115 143 209 169 130 158 178 217 72 154 203 219 212 144 176 177 270 185 147 167 198 64 199 281 148 199 160 193 155 156 160 112 335 169 193 224 200 236 131 243 172 199 238 248 250 212 218 259 176 219 263 267 180 242 176 172 205 212 104 211 292 158 215 119 252 171 171 145 231 117 252 212 237 159 246 165 315 157 226 101 156 251 222 113 223 233 110 210 197 128 236 168 230 194 267 174 299 226 163 231 140 159 194 99 257 127 97 280 193 154 168 241 94 94 219 138 188 196 196 
